# iteration  loss_bc  loss_res  l2_error
0.000000e+00 7.729765e+00 4.529486e+05 3.410550e+00
1.000000e+02 5.868230e+00 1.604854e+04 2.660501e+00
2.000000e+02 4.655364e+00 5.814933e+03 2.358167e+00
3.000000e+02 3.946860e+00 3.337849e+03 2.115537e+00
4.000000e+02 3.321807e+00 2.715997e+03 1.916696e+00
5.000000e+02 2.779466e+00 1.323733e+03 1.715520e+00
6.000000e+02 2.201206e+00 1.288425e+03 1.532593e+00
7.000000e+02 1.954173e+00 7.902050e+02 1.384929e+00
8.000000e+02 1.586743e+00 6.394482e+02 1.233192e+00
9.000000e+02 1.382194e+00 5.320012e+02 1.114835e+00
1.000000e+03 1.081513e+00 2.924536e+02 1.005373e+00
1.100000e+03 9.621021e-01 3.618511e+02 9.083677e-01
1.200000e+03 8.223734e-01 2.459117e+02 8.122099e-01
1.300000e+03 6.882515e-01 2.438983e+02 7.318345e-01
1.400000e+03 5.548340e-01 1.954609e+02 6.577140e-01
1.500000e+03 4.918845e-01 2.081043e+02 5.921857e-01
1.600000e+03 4.196816e-01 1.836652e+02 5.318199e-01
1.700000e+03 3.977232e-01 1.866239e+02 4.880579e-01
1.800000e+03 3.907874e-01 1.649579e+02 4.438517e-01
1.900000e+03 3.254711e-01 1.412801e+02 4.065707e-01
2.000000e+03 3.198054e-01 1.226467e+02 3.831157e-01
2.100000e+03 3.211046e-01 1.074710e+02 3.590986e-01
2.200000e+03 2.797241e-01 1.047402e+02 3.408435e-01
2.300000e+03 2.833351e-01 9.868365e+01 3.311922e-01
2.400000e+03 2.822119e-01 1.121818e+02 3.161002e-01
2.500000e+03 2.921622e-01 9.097469e+01 3.105294e-01
2.600000e+03 2.863885e-01 8.033743e+01 3.078091e-01
2.700000e+03 2.635099e-01 1.041361e+02 3.043230e-01
2.800000e+03 2.679662e-01 7.918942e+01 2.999365e-01
2.900000e+03 2.777243e-01 7.867663e+01 2.982851e-01
3.000000e+03 3.039322e-01 5.713467e+01 2.970450e-01
3.100000e+03 2.573367e-01 6.851568e+01 2.950277e-01
3.200000e+03 2.907194e-01 7.483539e+01 2.934555e-01
3.300000e+03 2.790784e-01 5.320224e+01 2.948137e-01
3.400000e+03 2.578049e-01 5.627021e+01 2.921738e-01
3.500000e+03 2.748463e-01 6.466301e+01 2.947968e-01
3.600000e+03 2.698089e-01 5.270812e+01 2.957613e-01
3.700000e+03 2.528377e-01 4.465321e+01 2.943295e-01
3.800000e+03 2.477197e-01 4.006165e+01 2.893326e-01
3.900000e+03 2.776004e-01 4.656896e+01 2.919928e-01
4.000000e+03 2.742185e-01 5.291211e+01 2.932749e-01
4.100000e+03 2.607227e-01 5.014885e+01 2.902549e-01
4.200000e+03 2.542228e-01 5.943251e+01 2.933382e-01
4.300000e+03 2.938796e-01 4.667042e+01 2.908658e-01
4.400000e+03 2.748620e-01 4.678822e+01 2.931569e-01
4.500000e+03 2.406687e-01 4.679067e+01 2.896200e-01
4.600000e+03 2.776377e-01 4.975964e+01 2.915895e-01
4.700000e+03 2.881389e-01 4.180776e+01 2.930902e-01
4.800000e+03 2.728685e-01 5.690705e+01 2.880035e-01
4.900000e+03 2.666814e-01 4.309224e+01 2.928431e-01
5.000000e+03 2.873551e-01 4.940612e+01 2.927938e-01
5.100000e+03 2.588627e-01 4.276170e+01 2.899556e-01
5.200000e+03 2.816232e-01 3.249473e+01 2.917075e-01
5.300000e+03 2.732396e-01 6.323621e+01 2.880121e-01
5.400000e+03 2.590560e-01 4.878400e+01 2.899007e-01
5.500000e+03 2.374878e-01 4.823012e+01 2.876924e-01
5.600000e+03 2.669247e-01 3.299826e+01 2.863374e-01
5.700000e+03 2.603700e-01 4.077852e+01 2.873207e-01
5.800000e+03 2.670336e-01 4.212028e+01 2.854911e-01
5.900000e+03 2.820547e-01 3.772772e+01 2.829891e-01
6.000000e+03 2.621810e-01 4.520388e+01 2.873892e-01
6.100000e+03 2.659357e-01 3.766543e+01 2.865140e-01
6.200000e+03 2.557222e-01 4.636387e+01 2.862974e-01
6.300000e+03 2.367520e-01 4.294465e+01 2.858225e-01
6.400000e+03 2.424400e-01 4.659229e+01 2.875873e-01
6.500000e+03 2.756160e-01 3.875526e+01 2.847053e-01
6.600000e+03 2.735426e-01 5.489030e+01 2.850534e-01
6.700000e+03 2.514128e-01 3.495599e+01 2.813211e-01
6.800000e+03 2.634891e-01 3.699254e+01 2.809509e-01
6.900000e+03 2.569231e-01 3.571123e+01 2.833293e-01
7.000000e+03 2.286151e-01 3.369951e+01 2.784703e-01
7.100000e+03 2.301558e-01 3.093301e+01 2.813912e-01
7.200000e+03 2.552546e-01 3.499296e+01 2.789881e-01
7.300000e+03 2.248213e-01 4.303484e+01 2.774510e-01
7.400000e+03 2.383234e-01 3.822485e+01 2.757543e-01
7.500000e+03 2.587663e-01 3.096542e+01 2.780721e-01
7.600000e+03 2.606560e-01 2.980057e+01 2.778465e-01
7.700000e+03 2.336782e-01 2.428622e+01 2.777345e-01
7.800000e+03 2.327993e-01 2.861213e+01 2.747946e-01
7.900000e+03 2.587662e-01 2.554352e+01 2.760108e-01
8.000000e+03 2.465931e-01 2.141059e+01 2.750827e-01
8.100000e+03 2.474044e-01 3.004842e+01 2.738958e-01
8.200000e+03 2.517523e-01 2.485880e+01 2.744052e-01
8.300000e+03 2.448715e-01 2.675187e+01 2.743041e-01
8.400000e+03 2.237242e-01 2.233161e+01 2.719602e-01
8.500000e+03 2.443280e-01 2.581435e+01 2.713519e-01
8.600000e+03 2.436294e-01 3.220577e+01 2.698997e-01
8.700000e+03 2.404954e-01 1.765928e+01 2.728577e-01
8.800000e+03 2.161780e-01 1.819154e+01 2.688761e-01
8.900000e+03 2.427032e-01 2.269742e+01 2.728121e-01
9.000000e+03 2.277853e-01 2.359230e+01 2.687676e-01
9.100000e+03 2.160596e-01 1.522022e+01 2.687380e-01
9.200000e+03 2.145828e-01 1.822319e+01 2.710756e-01
9.300000e+03 2.459311e-01 1.580918e+01 2.698664e-01
9.400000e+03 2.152701e-01 2.944928e+01 2.670972e-01
9.500000e+03 2.268091e-01 1.182546e+01 2.678785e-01
9.600000e+03 2.240680e-01 2.336235e+01 2.702085e-01
9.700000e+03 2.265256e-01 2.101916e+01 2.718368e-01
9.800000e+03 2.284539e-01 2.426129e+01 2.689607e-01
9.900000e+03 2.236074e-01 2.053119e+01 2.673042e-01
1.000000e+04 2.409368e-01 1.583764e+01 2.673488e-01
1.010000e+04 2.311747e-01 1.487814e+01 2.665407e-01
1.020000e+04 2.195109e-01 2.059232e+01 2.629489e-01
1.030000e+04 2.159481e-01 2.287597e+01 2.648638e-01
1.040000e+04 2.047877e-01 2.091930e+01 2.651950e-01
1.050000e+04 2.299531e-01 2.037721e+01 2.668604e-01
1.060000e+04 2.111854e-01 1.108712e+01 2.640483e-01
1.070000e+04 1.971284e-01 1.307471e+01 2.660467e-01
1.080000e+04 2.089551e-01 1.026036e+01 2.622047e-01
1.090000e+04 2.128181e-01 1.572361e+01 2.635222e-01
1.100000e+04 2.065932e-01 1.088222e+01 2.630655e-01
1.110000e+04 2.134421e-01 1.124067e+01 2.622240e-01
1.120000e+04 2.134610e-01 1.521329e+01 2.622975e-01
1.130000e+04 2.154354e-01 1.023668e+01 2.612932e-01
1.140000e+04 2.104159e-01 1.058801e+01 2.619030e-01
1.150000e+04 2.337031e-01 1.246184e+01 2.606747e-01
1.160000e+04 2.205443e-01 1.510985e+01 2.616140e-01
1.170000e+04 2.151898e-01 1.242006e+01 2.619032e-01
1.180000e+04 2.302217e-01 1.437269e+01 2.613586e-01
1.190000e+04 1.875771e-01 1.361502e+01 2.601297e-01
1.200000e+04 2.086989e-01 1.099500e+01 2.581054e-01
1.210000e+04 2.049983e-01 9.866965e+00 2.592794e-01
1.220000e+04 2.158237e-01 1.006199e+01 2.600522e-01
1.230000e+04 2.205069e-01 1.386270e+01 2.572142e-01
1.240000e+04 1.945702e-01 7.981865e+00 2.553644e-01
1.250000e+04 2.076197e-01 1.194561e+01 2.558207e-01
1.260000e+04 1.976149e-01 7.973732e+00 2.569463e-01
1.270000e+04 1.910259e-01 1.154244e+01 2.551890e-01
1.280000e+04 2.081175e-01 1.187988e+01 2.582561e-01
1.290000e+04 2.160090e-01 9.709821e+00 2.562435e-01
1.300000e+04 2.079021e-01 7.664936e+00 2.551399e-01
1.310000e+04 2.000985e-01 1.169732e+01 2.568843e-01
1.320000e+04 2.113238e-01 8.483866e+00 2.565009e-01
1.330000e+04 2.362698e-01 1.066648e+01 2.553252e-01
1.340000e+04 2.052458e-01 6.773660e+00 2.540816e-01
1.350000e+04 2.152027e-01 6.014212e+00 2.550731e-01
1.360000e+04 2.000453e-01 1.183057e+01 2.547862e-01
1.370000e+04 2.063427e-01 4.745233e+00 2.550400e-01
1.380000e+04 2.152923e-01 6.733622e+00 2.529122e-01
1.390000e+04 1.823284e-01 6.891127e+00 2.522016e-01
1.400000e+04 2.106358e-01 8.105056e+00 2.517900e-01
1.410000e+04 1.997135e-01 8.224957e+00 2.500004e-01
1.420000e+04 1.914154e-01 1.385318e+01 2.539320e-01
1.430000e+04 2.021613e-01 1.054383e+01 2.525236e-01
1.440000e+04 1.849979e-01 1.116661e+01 2.494148e-01
1.450000e+04 1.892482e-01 5.935455e+00 2.521939e-01
1.460000e+04 1.998848e-01 5.504188e+00 2.516165e-01
1.470000e+04 1.969594e-01 5.787084e+00 2.495192e-01
1.480000e+04 2.030381e-01 5.811092e+00 2.488443e-01
1.490000e+04 1.961926e-01 5.960763e+00 2.481044e-01
1.500000e+04 2.036843e-01 5.248675e+00 2.477486e-01
1.510000e+04 1.822469e-01 5.073353e+00 2.475898e-01
1.520000e+04 2.023542e-01 6.580710e+00 2.481850e-01
1.530000e+04 1.954778e-01 6.873632e+00 2.475985e-01
1.540000e+04 2.080225e-01 7.888713e+00 2.491960e-01
1.550000e+04 2.053965e-01 5.738114e+00 2.477139e-01
1.560000e+04 1.833769e-01 6.150497e+00 2.479882e-01
1.570000e+04 2.022875e-01 4.792746e+00 2.467996e-01
1.580000e+04 2.047214e-01 6.051744e+00 2.463532e-01
1.590000e+04 2.093079e-01 4.783331e+00 2.447447e-01
1.600000e+04 1.840213e-01 4.998543e+00 2.467658e-01
1.610000e+04 2.031812e-01 6.196608e+00 2.458064e-01
1.620000e+04 1.938771e-01 5.940629e+00 2.460390e-01
1.630000e+04 1.917909e-01 6.965096e+00 2.449804e-01
1.640000e+04 1.896418e-01 3.749755e+00 2.457877e-01
1.650000e+04 1.911015e-01 4.766907e+00 2.459981e-01
1.660000e+04 2.132528e-01 3.989855e+00 2.440811e-01
1.670000e+04 1.745508e-01 4.833136e+00 2.444118e-01
1.680000e+04 2.041625e-01 4.514256e+00 2.434837e-01
1.690000e+04 1.840866e-01 3.712177e+00 2.413520e-01
1.700000e+04 1.857445e-01 6.936413e+00 2.421134e-01
1.710000e+04 1.978454e-01 5.663293e+00 2.419961e-01
1.720000e+04 1.901679e-01 3.923354e+00 2.420913e-01
1.730000e+04 1.908276e-01 2.931092e+00 2.422049e-01
1.740000e+04 1.912578e-01 3.795739e+00 2.413121e-01
1.750000e+04 1.883351e-01 4.816016e+00 2.432868e-01
1.760000e+04 1.835026e-01 4.406090e+00 2.430767e-01
1.770000e+04 1.963236e-01 3.556005e+00 2.425595e-01
1.780000e+04 1.849733e-01 3.050440e+00 2.432553e-01
1.790000e+04 1.769480e-01 5.581321e+00 2.417623e-01
1.800000e+04 1.841156e-01 3.876748e+00 2.426106e-01
1.810000e+04 1.850582e-01 4.157033e+00 2.411917e-01
1.820000e+04 1.841027e-01 3.813900e+00 2.404870e-01
1.830000e+04 1.992579e-01 4.463382e+00 2.402387e-01
1.840000e+04 1.858649e-01 2.825383e+00 2.402988e-01
1.850000e+04 1.802571e-01 2.517531e+00 2.392522e-01
1.860000e+04 1.999253e-01 3.008967e+00 2.398716e-01
1.870000e+04 1.803602e-01 2.601542e+00 2.385204e-01
1.880000e+04 1.851541e-01 2.448787e+00 2.394962e-01
1.890000e+04 1.881821e-01 3.097315e+00 2.399923e-01
1.900000e+04 1.700065e-01 4.841088e+00 2.380469e-01
1.910000e+04 1.925072e-01 3.572295e+00 2.380393e-01
1.920000e+04 1.798771e-01 3.026546e+00 2.373914e-01
1.930000e+04 1.731774e-01 2.617605e+00 2.380119e-01
1.940000e+04 1.742887e-01 3.812004e+00 2.369254e-01
1.950000e+04 2.024086e-01 2.330814e+00 2.356036e-01
1.960000e+04 1.838004e-01 2.686317e+00 2.369229e-01
1.970000e+04 2.014477e-01 2.368347e+00 2.365501e-01
1.980000e+04 1.848612e-01 2.909922e+00 2.366989e-01
1.990000e+04 1.858750e-01 2.963949e+00 2.355412e-01
2.000000e+04 1.814090e-01 3.709517e+00 2.366690e-01
2.010000e+04 1.630700e-01 2.872216e+00 2.347389e-01
2.020000e+04 1.780825e-01 2.642397e+00 2.359776e-01
2.030000e+04 1.921988e-01 2.656791e+00 2.347194e-01
2.040000e+04 1.834695e-01 2.859453e+00 2.353951e-01
2.050000e+04 1.776802e-01 2.661000e+00 2.347608e-01
2.060000e+04 1.825761e-01 2.034366e+00 2.343371e-01
2.070000e+04 1.673970e-01 3.218889e+00 2.338900e-01
2.080000e+04 1.539479e-01 2.044541e+00 2.342643e-01
2.090000e+04 1.712783e-01 2.071416e+00 2.345038e-01
2.100000e+04 1.710213e-01 2.291132e+00 2.330392e-01
2.110000e+04 1.650086e-01 3.863182e+00 2.330746e-01
2.120000e+04 1.721183e-01 2.088031e+00 2.325918e-01
2.130000e+04 1.702475e-01 1.718378e+00 2.322489e-01
2.140000e+04 1.799013e-01 1.720594e+00 2.328710e-01
2.150000e+04 1.770845e-01 1.846633e+00 2.316803e-01
2.160000e+04 1.853598e-01 2.357285e+00 2.317505e-01
2.170000e+04 1.813268e-01 1.934351e+00 2.319752e-01
2.180000e+04 1.753785e-01 2.066011e+00 2.318788e-01
2.190000e+04 1.614740e-01 2.633546e+00 2.302471e-01
2.200000e+04 1.746036e-01 2.123779e+00 2.311289e-01
2.210000e+04 1.785149e-01 2.711880e+00 2.303346e-01
2.220000e+04 1.767721e-01 1.911237e+00 2.300747e-01
2.230000e+04 1.764284e-01 1.386593e+00 2.307577e-01
2.240000e+04 1.721812e-01 2.031142e+00 2.304267e-01
2.250000e+04 1.699089e-01 2.152949e+00 2.316048e-01
2.260000e+04 1.702717e-01 2.074911e+00 2.318192e-01
2.270000e+04 1.637379e-01 1.307347e+00 2.295468e-01
2.280000e+04 1.778396e-01 1.787194e+00 2.294924e-01
2.290000e+04 1.761764e-01 2.087573e+00 2.297398e-01
2.300000e+04 1.829260e-01 1.910582e+00 2.288743e-01
2.310000e+04 1.645754e-01 1.608541e+00 2.287785e-01
2.320000e+04 1.619384e-01 1.849787e+00 2.283193e-01
2.330000e+04 1.656174e-01 2.435048e+00 2.282486e-01
2.340000e+04 1.580785e-01 1.549981e+00 2.282325e-01
2.350000e+04 1.680854e-01 1.202657e+00 2.277247e-01
2.360000e+04 1.687899e-01 1.668754e+00 2.283121e-01
2.370000e+04 1.784987e-01 1.627884e+00 2.276373e-01
2.380000e+04 1.632641e-01 1.662914e+00 2.268298e-01
2.390000e+04 1.659696e-01 1.213674e+00 2.276580e-01
2.400000e+04 1.720956e-01 1.316165e+00 2.270198e-01
2.410000e+04 1.758841e-01 1.258971e+00 2.267152e-01
2.420000e+04 1.770314e-01 1.313204e+00 2.277287e-01
2.430000e+04 1.565022e-01 1.410735e+00 2.270294e-01
2.440000e+04 1.746490e-01 1.151497e+00 2.258757e-01
2.450000e+04 1.678866e-01 2.075362e+00 2.257793e-01
2.460000e+04 1.747659e-01 1.282159e+00 2.252469e-01
2.470000e+04 1.495668e-01 1.329414e+00 2.257276e-01
2.480000e+04 1.627128e-01 1.308817e+00 2.253965e-01
2.490000e+04 1.567655e-01 1.178055e+00 2.251199e-01
2.500000e+04 1.687249e-01 8.598902e-01 2.247128e-01
2.510000e+04 1.857911e-01 1.029514e+00 2.247117e-01
2.520000e+04 1.616769e-01 1.133891e+00 2.236050e-01
2.530000e+04 1.631179e-01 1.165221e+00 2.240436e-01
2.540000e+04 1.762091e-01 1.250678e+00 2.235395e-01
2.550000e+04 1.575267e-01 1.485607e+00 2.240441e-01
2.560000e+04 1.759104e-01 1.099175e+00 2.237576e-01
2.570000e+04 1.794234e-01 1.918601e+00 2.229400e-01
2.580000e+04 1.586165e-01 1.229808e+00 2.234633e-01
2.590000e+04 1.614996e-01 9.632279e-01 2.233724e-01
2.600000e+04 1.667241e-01 1.184957e+00 2.223253e-01
2.610000e+04 1.627890e-01 1.016906e+00 2.226393e-01
2.620000e+04 1.639902e-01 9.030467e-01 2.218880e-01
2.630000e+04 1.725440e-01 1.213562e+00 2.223714e-01
2.640000e+04 1.519329e-01 9.788443e-01 2.229816e-01
2.650000e+04 1.628294e-01 1.194468e+00 2.223899e-01
2.660000e+04 1.521966e-01 1.404009e+00 2.215669e-01
2.670000e+04 1.612001e-01 1.563428e+00 2.219224e-01
2.680000e+04 1.672647e-01 1.437638e+00 2.214243e-01
2.690000e+04 1.469055e-01 1.087609e+00 2.218436e-01
2.700000e+04 1.610368e-01 8.192897e-01 2.215089e-01
2.710000e+04 1.575583e-01 7.835923e-01 2.216868e-01
2.720000e+04 1.449395e-01 9.792232e-01 2.215147e-01
2.730000e+04 1.624864e-01 1.195133e+00 2.214600e-01
2.740000e+04 1.590630e-01 1.015739e+00 2.203604e-01
2.750000e+04 1.615452e-01 1.001181e+00 2.201430e-01
2.760000e+04 1.664294e-01 1.271355e+00 2.204166e-01
2.770000e+04 1.596373e-01 1.100109e+00 2.205889e-01
2.780000e+04 1.588979e-01 7.736093e-01 2.208233e-01
2.790000e+04 1.647410e-01 8.014325e-01 2.196759e-01
2.800000e+04 1.597818e-01 8.413058e-01 2.201391e-01
2.810000e+04 1.482145e-01 8.778226e-01 2.196428e-01
2.820000e+04 1.466298e-01 1.392753e+00 2.195455e-01
2.830000e+04 1.642107e-01 1.020221e+00 2.191894e-01
2.840000e+04 1.614168e-01 1.082257e+00 2.183738e-01
2.850000e+04 1.653787e-01 8.498919e-01 2.189144e-01
2.860000e+04 1.626025e-01 8.693151e-01 2.187973e-01
2.870000e+04 1.449679e-01 7.370853e-01 2.182249e-01
2.880000e+04 1.554798e-01 7.128725e-01 2.179791e-01
2.890000e+04 1.661140e-01 9.278942e-01 2.182246e-01
2.900000e+04 1.571411e-01 6.676674e-01 2.183756e-01
2.910000e+04 1.559395e-01 1.056435e+00 2.179245e-01
2.920000e+04 1.527184e-01 1.035055e+00 2.180808e-01
2.930000e+04 1.612860e-01 9.982805e-01 2.174414e-01
2.940000e+04 1.479677e-01 7.209850e-01 2.179271e-01
2.950000e+04 1.645844e-01 8.090039e-01 2.170276e-01
2.960000e+04 1.593201e-01 7.740377e-01 2.168079e-01
2.970000e+04 1.574662e-01 7.540411e-01 2.168179e-01
2.980000e+04 1.621594e-01 7.885233e-01 2.168206e-01
2.990000e+04 1.485972e-01 8.669509e-01 2.170348e-01
3.000000e+04 1.538722e-01 1.018063e+00 2.165047e-01
3.010000e+04 1.497872e-01 7.060710e-01 2.165239e-01
3.020000e+04 1.449492e-01 8.557625e-01 2.161883e-01
3.030000e+04 1.467796e-01 5.968903e-01 2.161408e-01
3.040000e+04 1.478159e-01 6.597344e-01 2.160502e-01
3.050000e+04 1.535861e-01 7.939515e-01 2.157974e-01
3.060000e+04 1.533210e-01 6.472241e-01 2.159115e-01
3.070000e+04 1.573325e-01 7.882295e-01 2.150413e-01
3.080000e+04 1.614986e-01 7.059386e-01 2.154897e-01
3.090000e+04 1.540787e-01 8.574995e-01 2.157027e-01
3.100000e+04 1.517446e-01 8.798193e-01 2.156727e-01
3.110000e+04 1.669063e-01 5.930656e-01 2.148563e-01
3.120000e+04 1.474533e-01 5.842577e-01 2.149681e-01
3.130000e+04 1.519904e-01 6.814800e-01 2.149520e-01
3.140000e+04 1.512643e-01 8.426427e-01 2.140169e-01
3.150000e+04 1.595891e-01 7.092092e-01 2.141721e-01
3.160000e+04 1.583547e-01 6.147727e-01 2.142303e-01
3.170000e+04 1.523035e-01 6.947895e-01 2.140839e-01
3.180000e+04 1.612062e-01 4.290994e-01 2.137677e-01
3.190000e+04 1.557990e-01 6.455501e-01 2.137205e-01
3.200000e+04 1.474465e-01 6.374086e-01 2.134628e-01
3.210000e+04 1.488679e-01 6.146919e-01 2.135647e-01
3.220000e+04 1.391908e-01 6.682820e-01 2.137208e-01
3.230000e+04 1.472325e-01 6.251509e-01 2.136338e-01
3.240000e+04 1.545847e-01 4.843739e-01 2.133081e-01
3.250000e+04 1.452611e-01 5.179694e-01 2.131340e-01
3.260000e+04 1.507130e-01 4.876904e-01 2.128319e-01
3.270000e+04 1.448434e-01 6.930196e-01 2.130509e-01
3.280000e+04 1.557338e-01 8.519036e-01 2.129714e-01
3.290000e+04 1.511524e-01 6.342227e-01 2.136651e-01
3.300000e+04 1.427370e-01 6.351734e-01 2.130324e-01
3.310000e+04 1.518992e-01 5.699654e-01 2.128951e-01
3.320000e+04 1.501403e-01 8.466721e-01 2.126324e-01
3.330000e+04 1.652042e-01 5.682623e-01 2.124054e-01
3.340000e+04 1.524032e-01 6.060115e-01 2.123129e-01
3.350000e+04 1.444651e-01 4.484351e-01 2.123109e-01
3.360000e+04 1.578015e-01 5.345478e-01 2.121301e-01
3.370000e+04 1.624477e-01 6.316878e-01 2.123097e-01
3.380000e+04 1.598418e-01 6.019089e-01 2.119297e-01
3.390000e+04 1.478191e-01 5.841019e-01 2.118547e-01
3.400000e+04 1.551842e-01 4.606362e-01 2.116883e-01
3.410000e+04 1.517497e-01 4.336282e-01 2.113566e-01
3.420000e+04 1.631294e-01 5.479634e-01 2.108774e-01
3.430000e+04 1.571829e-01 4.332252e-01 2.113184e-01
3.440000e+04 1.511232e-01 6.076940e-01 2.111281e-01
3.450000e+04 1.418679e-01 5.700118e-01 2.109343e-01
3.460000e+04 1.572701e-01 6.033682e-01 2.105708e-01
3.470000e+04 1.491795e-01 5.125771e-01 2.104883e-01
3.480000e+04 1.558351e-01 3.984241e-01 2.108264e-01
3.490000e+04 1.393045e-01 4.566643e-01 2.108685e-01
3.500000e+04 1.549702e-01 4.723297e-01 2.105908e-01
3.510000e+04 1.430261e-01 8.174214e-01 2.102253e-01
3.520000e+04 1.503332e-01 5.414095e-01 2.104151e-01
3.530000e+04 1.489059e-01 6.694416e-01 2.102785e-01
3.540000e+04 1.532710e-01 6.272947e-01 2.102238e-01
3.550000e+04 1.558087e-01 5.353574e-01 2.100621e-01
3.560000e+04 1.610057e-01 5.822480e-01 2.094914e-01
3.570000e+04 1.468711e-01 4.073245e-01 2.101732e-01
3.580000e+04 1.427340e-01 8.055498e-01 2.097494e-01
3.590000e+04 1.559170e-01 5.329062e-01 2.097063e-01
3.600000e+04 1.595362e-01 5.824045e-01 2.095428e-01
3.610000e+04 1.467038e-01 4.288093e-01 2.094060e-01
3.620000e+04 1.339061e-01 5.505850e-01 2.096867e-01
3.630000e+04 1.422932e-01 4.582863e-01 2.095215e-01
3.640000e+04 1.346659e-01 5.789351e-01 2.092998e-01
3.650000e+04 1.482373e-01 3.635858e-01 2.090401e-01
3.660000e+04 1.587389e-01 5.056484e-01 2.089754e-01
3.670000e+04 1.522771e-01 3.691863e-01 2.090095e-01
3.680000e+04 1.484145e-01 4.768097e-01 2.087918e-01
3.690000e+04 1.471973e-01 4.720263e-01 2.086985e-01
3.700000e+04 1.498446e-01 3.257667e-01 2.085583e-01
3.710000e+04 1.482075e-01 4.272484e-01 2.085985e-01
3.720000e+04 1.442886e-01 5.668420e-01 2.086488e-01
3.730000e+04 1.583685e-01 4.065561e-01 2.082682e-01
3.740000e+04 1.338518e-01 4.162190e-01 2.080755e-01
3.750000e+04 1.416305e-01 5.038930e-01 2.083987e-01
3.760000e+04 1.464119e-01 3.410786e-01 2.081262e-01
3.770000e+04 1.569842e-01 4.696860e-01 2.079604e-01
3.780000e+04 1.510341e-01 5.169506e-01 2.082095e-01
3.790000e+04 1.540928e-01 7.031264e-01 2.077306e-01
3.800000e+04 1.571060e-01 3.781243e-01 2.075257e-01
3.810000e+04 1.398267e-01 4.171021e-01 2.075215e-01
3.820000e+04 1.579367e-01 4.517173e-01 2.075891e-01
3.830000e+04 1.439057e-01 3.638601e-01 2.074659e-01
3.840000e+04 1.402500e-01 5.028162e-01 2.073606e-01
3.850000e+04 1.523137e-01 3.564869e-01 2.069331e-01
3.860000e+04 1.451520e-01 3.708743e-01 2.069418e-01
3.870000e+04 1.361888e-01 4.732545e-01 2.070586e-01
3.880000e+04 1.375556e-01 4.419836e-01 2.073788e-01
3.890000e+04 1.452882e-01 5.386716e-01 2.072081e-01
3.900000e+04 1.375516e-01 3.735842e-01 2.069915e-01
3.910000e+04 1.474559e-01 3.843974e-01 2.068045e-01
3.920000e+04 1.384124e-01 4.750253e-01 2.066830e-01
3.930000e+04 1.481031e-01 4.820864e-01 2.066985e-01
3.940000e+04 1.423421e-01 4.314156e-01 2.067249e-01
3.950000e+04 1.621063e-01 5.247184e-01 2.063926e-01
3.960000e+04 1.443709e-01 3.768929e-01 2.064048e-01
3.970000e+04 1.523884e-01 4.677911e-01 2.067180e-01
3.980000e+04 1.466454e-01 3.394702e-01 2.064247e-01
3.990000e+04 1.452865e-01 3.220497e-01 2.062085e-01
