4.337388e+03
1.080075e+03
8.579715e+02
3.636111e+02
2.731969e+02
1.835667e+02
1.762758e+02
1.217181e+02
1.079979e+02
9.725015e+01
7.822072e+01
6.221014e+01
5.153566e+01
4.966716e+01
3.628778e+01
3.185070e+01
2.910111e+01
2.444991e+01
2.421107e+01
2.064263e+01
1.894711e+01
1.461856e+01
1.306985e+01
1.056379e+01
9.319022e+00
8.317428e+00
6.911680e+00
6.752510e+00
6.152387e+00
5.352630e+00
5.001617e+00
4.223694e+00
3.690447e+00
3.361748e+00
3.189629e+00
2.489979e+00
2.310575e+00
2.063643e+00
1.841485e+00
1.476347e+00
1.306123e+00
1.146466e+00
9.606429e-01
8.297514e-01
6.505930e-01
5.522487e-01
4.114677e-01
3.491015e-01
3.228777e-01
2.867427e-01
1.579773e-01
1.277479e-01
1.136769e-01
9.630623e-02
8.888382e-02
6.716479e-02
5.577695e-02
4.407090e-02
2.694014e-02
2.256466e-02
1.391899e-02
1.174949e-02
6.966371e-03
3.991471e-03
