2.831258e+07
2.327851e+07
2.048368e+07
2.008552e+07
1.865270e+07
1.516045e+07
1.461822e+07
1.436782e+07
1.197173e+07
1.185457e+07
9.918956e+06
9.190347e+06
7.950146e+06
7.062438e+06
6.175140e+06
5.546054e+06
4.897120e+06
4.505295e+06
4.104113e+06
3.389972e+06
3.058992e+06
2.565460e+06
2.359204e+06
2.211141e+06
1.939971e+06
1.748349e+06
1.624605e+06
1.397648e+06
1.320227e+06
1.079976e+06
8.903556e+05
8.395129e+05
7.923546e+05
7.117960e+05
6.591601e+05
5.805146e+05
5.586901e+05
5.177828e+05
4.747588e+05
4.404445e+05
3.879943e+05
3.718426e+05
3.661576e+05
3.071867e+05
2.622030e+05
2.495878e+05
2.316789e+05
1.966418e+05
1.663507e+05
1.492186e+05
1.362870e+05
1.300383e+05
1.131355e+05
8.800593e+04
7.477959e+04
5.568810e+04
5.324291e+04
4.329556e+04
3.172120e+04
2.845054e+04
2.324172e+04
1.874576e+04
1.672497e+04
8.807832e+03
