5.606620e+03
6.073879e+02
4.802362e+02
2.685337e+02
2.468613e+02
1.875060e+02
1.402192e+02
1.000451e+02
9.477956e+01
8.236329e+01
6.624713e+01
6.352852e+01
6.131108e+01
5.183081e+01
4.560876e+01
4.476957e+01
3.975619e+01
3.851421e+01
3.460068e+01
3.209636e+01
3.005076e+01
2.587000e+01
2.481803e+01
2.334770e+01
2.007185e+01
1.908174e+01
1.819395e+01
1.715119e+01
1.501614e+01
1.426178e+01
1.333580e+01
1.243271e+01
1.157482e+01
1.109785e+01
1.048666e+01
1.024784e+01
9.262725e+00
8.580405e+00
7.839064e+00
7.328887e+00
7.015301e+00
6.591236e+00
6.294169e+00
5.959712e+00
4.648767e+00
4.438166e+00
4.067290e+00
3.414702e+00
3.087987e+00
3.007217e+00
2.937241e+00
2.313759e+00
2.044461e+00
1.476884e+00
1.383479e+00
1.294969e+00
1.132783e+00
1.008610e+00
7.254753e-01
6.450849e-01
6.087741e-01
4.011175e-01
3.933902e-01
2.031934e-01
