5.317344e+03
5.479016e+02
3.650225e+02
2.503968e+02
2.329193e+02
1.754531e+02
1.566290e+02
1.202593e+02
1.103708e+02
1.006248e+02
9.323990e+01
8.600083e+01
8.215844e+01
7.777861e+01
7.713224e+01
6.902237e+01
6.410272e+01
6.095829e+01
5.734702e+01
5.215783e+01
5.100385e+01
4.734194e+01
4.554260e+01
4.197352e+01
3.806613e+01
3.636978e+01
3.506437e+01
3.403369e+01
3.190802e+01
2.875752e+01
2.768096e+01
2.671561e+01
2.565063e+01
2.390203e+01
2.289280e+01
2.178821e+01
2.023780e+01
1.978047e+01
1.829121e+01
1.728141e+01
1.591769e+01
1.517296e+01
1.449552e+01
1.377027e+01
1.291037e+01
1.265777e+01
1.181768e+01
9.864338e+00
9.340989e+00
8.698099e+00
7.967307e+00
7.286524e+00
5.961842e+00
5.446114e+00
5.016915e+00
4.017929e+00
3.878176e+00
3.483873e+00
2.827005e+00
2.792203e+00
2.339685e+00
1.724010e+00
1.298351e+00
6.332260e-01
