5.606822e+03
6.197748e+02
4.906110e+02
2.760505e+02
2.531400e+02
1.927670e+02
1.424508e+02
1.020915e+02
9.674480e+01
8.379704e+01
6.781633e+01
6.550404e+01
6.230706e+01
5.340279e+01
4.733891e+01
4.598299e+01
4.126961e+01
4.053127e+01
3.585732e+01
3.302267e+01
3.128417e+01
2.683129e+01
2.590573e+01
2.428186e+01
2.131235e+01
2.018345e+01
1.929027e+01
1.802645e+01
1.619453e+01
1.526729e+01
1.405493e+01
1.321249e+01
1.228790e+01
1.147108e+01
1.133420e+01
1.069201e+01
9.866980e+00
9.176236e+00
8.387008e+00
7.717432e+00
7.466267e+00
7.079810e+00
6.782438e+00
6.542172e+00
5.221216e+00
4.823946e+00
4.544858e+00
3.711943e+00
3.363267e+00
3.280686e+00
3.218375e+00
2.546057e+00
2.268845e+00
1.652259e+00
1.571635e+00
1.405211e+00
1.260327e+00
1.117663e+00
8.036771e-01
7.283857e-01
6.966777e-01
4.496267e-01
4.250689e-01
2.261637e-01
