2.337835e+03
1.804588e+02
1.357828e+02
1.140691e+02
8.578285e+01
8.001595e+01
7.214505e+01
7.194822e+01
6.491236e+01
5.927340e+01
5.334839e+01
5.121687e+01
4.668232e+01
4.063887e+01
4.057679e+01
3.847722e+01
3.591775e+01
3.533759e+01
3.332730e+01
3.218282e+01
2.963775e+01
2.889902e+01
2.626385e+01
2.510566e+01
2.321912e+01
2.234196e+01
2.138908e+01
2.059276e+01
1.938335e+01
1.866476e+01
1.727202e+01
1.648781e+01
1.617456e+01
1.488648e+01
1.375722e+01
1.275760e+01
1.257479e+01
1.193393e+01
9.974587e+00
9.389623e+00
8.972329e+00
8.483122e+00
7.907203e+00
7.159832e+00
6.703699e+00
6.139376e+00
5.975302e+00
5.396107e+00
4.665416e+00
4.236622e+00
4.017188e+00
3.954253e+00
2.983472e+00
2.523881e+00
2.384311e+00
1.947647e+00
1.823789e+00
1.479677e+00
1.342392e+00
1.266368e+00
8.559405e-01
7.754089e-01
3.110768e-01
2.655408e-01
