2.310394e+03
2.001887e+02
1.722698e+02
1.422698e+02
1.189030e+02
1.049367e+02
9.867456e+01
9.801926e+01
9.048587e+01
8.086907e+01
7.806322e+01
7.295058e+01
6.685188e+01
6.145232e+01
5.847243e+01
5.580672e+01
5.480723e+01
5.331884e+01
5.040112e+01
4.748125e+01
4.571381e+01
4.346587e+01
3.953381e+01
3.830039e+01
3.573654e+01
3.348078e+01
3.232449e+01
3.168529e+01
3.040875e+01
2.909572e+01
2.629537e+01
2.590749e+01
2.499072e+01
2.366394e+01
2.186609e+01
2.041943e+01
1.984890e+01
1.897814e+01
1.613863e+01
1.532359e+01
1.471628e+01
1.371653e+01
1.318057e+01
1.183248e+01
1.116858e+01
1.030401e+01
9.894448e+00
8.798203e+00
8.020608e+00
7.243372e+00
6.967210e+00
6.661482e+00
5.241241e+00
4.375090e+00
4.102045e+00
3.494044e+00
3.263513e+00
2.596766e+00
2.465260e+00
2.104324e+00
1.552549e+00
1.483643e+00
5.995254e-01
4.718027e-01
