9.947190e+07
9.666319e+07
7.345133e+07
7.081526e+07
5.963519e+07
5.614514e+07
5.487594e+07
4.853970e+07
4.532927e+07
4.295562e+07
4.207561e+07
3.812139e+07
3.678744e+07
3.408866e+07
3.041831e+07
2.962657e+07
2.797397e+07
2.744655e+07
2.441884e+07
2.254068e+07
2.170127e+07
2.093083e+07
2.071644e+07
2.026842e+07
1.977434e+07
1.911309e+07
1.792719e+07
1.760740e+07
1.696139e+07
1.627704e+07
1.609846e+07
1.511578e+07
1.431686e+07
1.353261e+07
1.319552e+07
1.283588e+07
1.253286e+07
1.230560e+07
1.186541e+07
1.179656e+07
1.129052e+07
1.103963e+07
1.086466e+07
1.045601e+07
1.034806e+07
1.012732e+07
9.761449e+06
9.393927e+06
9.094879e+06
8.890666e+06
8.683533e+06
8.617059e+06
8.376442e+06
8.213984e+06
7.940414e+06
7.651040e+06
7.457420e+06
7.138082e+06
6.329465e+06
5.873199e+06
5.816246e+06
4.881162e+06
1.754817e+06
1.408500e+06
