2.803319e+07
2.318023e+07
1.984896e+07
1.921907e+07
1.910388e+07
1.510941e+07
1.430980e+07
1.336765e+07
1.149117e+07
1.132033e+07
9.491746e+06
7.950943e+06
6.786795e+06
6.365210e+06
5.654902e+06
5.212020e+06
4.145625e+06
4.023077e+06
3.816176e+06
3.361178e+06
2.920130e+06
2.407588e+06
2.236308e+06
2.138687e+06
1.813712e+06
1.789673e+06
1.628814e+06
1.383456e+06
1.358056e+06
1.077106e+06
1.051395e+06
9.087477e+05
8.438561e+05
7.688073e+05
6.739927e+05
6.307719e+05
5.891070e+05
5.041918e+05
4.799349e+05
4.518956e+05
4.104716e+05
3.999682e+05
3.684068e+05
3.362466e+05
3.059284e+05
2.660260e+05
2.484267e+05
2.143437e+05
1.967130e+05
1.635574e+05
1.563986e+05
1.482245e+05
1.046924e+05
8.050237e+04
7.633529e+04
6.265751e+04
5.869915e+04
4.391914e+04
3.097375e+04
2.711924e+04
2.496120e+04
1.916678e+04
1.831770e+04
1.013057e+04
