4.281462e+03
1.085473e+03
8.632297e+02
3.138666e+02
2.384829e+02
1.570973e+02
1.555769e+02
1.050160e+02
1.018764e+02
8.088875e+01
6.478873e+01
5.333041e+01
4.315289e+01
3.949480e+01
3.391964e+01
2.764758e+01
2.453708e+01
2.337554e+01
2.148335e+01
1.793654e+01
1.644799e+01
1.205250e+01
1.148889e+01
9.672645e+00
7.811822e+00
6.764554e+00
6.705926e+00
5.742563e+00
5.360980e+00
4.845997e+00
4.320355e+00
3.815680e+00
3.161239e+00
2.995755e+00
2.694004e+00
2.345353e+00
2.065971e+00
1.840724e+00
1.658898e+00
1.328334e+00
1.218356e+00
1.044107e+00
8.614654e-01
7.795625e-01
6.269358e-01
4.930139e-01
4.348544e-01
3.702478e-01
3.393665e-01
3.122447e-01
2.268658e-01
1.907236e-01
1.396853e-01
1.157095e-01
9.575421e-02
8.561175e-02
6.906380e-02
5.515424e-02
3.031164e-02
2.216115e-02
1.546639e-02
1.305371e-02
8.411483e-03
7.619453e-03
