5.612485e+03
6.054961e+02
4.803770e+02
2.657465e+02
2.458442e+02
1.864623e+02
1.408955e+02
9.980105e+01
9.441865e+01
8.222594e+01
6.574284e+01
6.188802e+01
6.066576e+01
5.115434e+01
4.484521e+01
4.405810e+01
3.936382e+01
3.705414e+01
3.384003e+01
3.153013e+01
2.955248e+01
2.548455e+01
2.413218e+01
2.283747e+01
1.952499e+01
1.857468e+01
1.755070e+01
1.656991e+01
1.432392e+01
1.377738e+01
1.307094e+01
1.199102e+01
1.124944e+01
1.090284e+01
1.025434e+01
9.954551e+00
9.028430e+00
8.232640e+00
7.461868e+00
7.224903e+00
6.836161e+00
6.341137e+00
6.057256e+00
5.637777e+00
4.369132e+00
4.206665e+00
3.814815e+00
3.290376e+00
2.995826e+00
2.892724e+00
2.753587e+00
2.232997e+00
1.927510e+00
1.396185e+00
1.304265e+00
1.243667e+00
1.074262e+00
9.526267e-01
6.944366e-01
6.044632e-01
5.596122e-01
3.880835e-01
3.661768e-01
1.921149e-01
