1.743003e+08
1.625818e+08
1.197598e+08
1.152311e+08
1.063110e+08
9.877487e+07
9.581806e+07
8.305543e+07
7.872758e+07
7.598420e+07
7.259696e+07
6.841638e+07
6.522158e+07
6.149850e+07
5.372032e+07
5.282158e+07
5.195441e+07
4.976692e+07
4.438286e+07
4.293701e+07
4.145352e+07
3.988771e+07
3.958280e+07
3.897592e+07
3.710452e+07
3.626459e+07
3.480156e+07
3.472674e+07
3.375759e+07
3.269167e+07
3.246756e+07
3.132595e+07
2.908759e+07
2.770968e+07
2.713675e+07
2.670199e+07
2.658463e+07
2.640647e+07
2.533154e+07
2.478914e+07
2.446787e+07
2.381957e+07
2.355029e+07
2.298436e+07
2.227573e+07
2.184492e+07
2.172281e+07
2.102358e+07
2.049832e+07
2.014079e+07
1.991498e+07
1.959462e+07
1.880668e+07
1.868298e+07
1.795540e+07
1.779311e+07
1.747428e+07
1.613924e+07
1.564608e+07
1.470603e+07
1.435716e+07
1.125998e+07
4.172996e+06
3.543474e+06
