4.283858e+03
1.075917e+03
8.050347e+02
2.781904e+02
2.012802e+02
1.360852e+02
1.326925e+02
9.062810e+01
8.746049e+01
6.730815e+01
5.550348e+01
4.457642e+01
3.461596e+01
3.113510e+01
2.938771e+01
2.384073e+01
2.007132e+01
1.843655e+01
1.541300e+01
1.448269e+01
1.267116e+01
1.033281e+01
8.865784e+00
8.497810e+00
6.566914e+00
5.965401e+00
5.108648e+00
4.771084e+00
4.301743e+00
4.217531e+00
3.698582e+00
2.953086e+00
2.793051e+00
2.250104e+00
2.189286e+00
1.848926e+00
1.655908e+00
1.457846e+00
1.297329e+00
1.087431e+00
9.099194e-01
8.764009e-01
7.248927e-01
7.105509e-01
5.518262e-01
4.475143e-01
3.106335e-01
2.900340e-01
2.780705e-01
2.278425e-01
1.877989e-01
1.671343e-01
9.190202e-02
8.773129e-02
7.372911e-02
5.780400e-02
3.864947e-02
3.745301e-02
2.456112e-02
1.779505e-02
1.078769e-02
8.754020e-03
5.963780e-03
5.365685e-03
