2.829182e+07
2.335892e+07
2.035512e+07
2.005716e+07
1.874679e+07
1.519369e+07
1.458443e+07
1.423327e+07
1.192007e+07
1.178573e+07
9.910931e+06
8.970377e+06
7.839501e+06
6.993797e+06
6.133386e+06
5.509420e+06
4.822959e+06
4.461842e+06
4.072056e+06
3.373042e+06
3.037158e+06
2.546852e+06
2.332027e+06
2.203732e+06
1.910523e+06
1.749844e+06
1.622888e+06
1.396846e+06
1.325144e+06
1.085005e+06
8.872867e+05
8.412704e+05
7.890139e+05
7.192109e+05
6.565038e+05
5.850379e+05
5.662204e+05
5.165259e+05
4.815108e+05
4.440933e+05
3.915083e+05
3.734399e+05
3.659549e+05
3.113937e+05
2.647934e+05
2.490048e+05
2.375360e+05
1.986907e+05
1.663528e+05
1.504710e+05
1.398240e+05
1.335838e+05
1.118372e+05
8.556473e+04
7.468148e+04
5.671862e+04
5.474182e+04
4.336626e+04
3.195044e+04
2.842724e+04
2.346245e+04
1.870618e+04
1.666896e+04
8.777447e+03
