5.606820e+03
6.043453e+02
4.778533e+02
2.658640e+02
2.453913e+02
1.860753e+02
1.402605e+02
9.965531e+01
9.432366e+01
8.212375e+01
6.586267e+01
6.256901e+01
6.090479e+01
5.131745e+01
4.504556e+01
4.432621e+01
3.939756e+01
3.748891e+01
3.401899e+01
3.169353e+01
2.963551e+01
2.562230e+01
2.430692e+01
2.295618e+01
1.972406e+01
1.863715e+01
1.780338e+01
1.670957e+01
1.450305e+01
1.392154e+01
1.313774e+01
1.211695e+01
1.131622e+01
1.095394e+01
1.029212e+01
1.007038e+01
9.070356e+00
8.336757e+00
7.575124e+00
7.267078e+00
6.873478e+00
6.440048e+00
6.111234e+00
5.756833e+00
4.456779e+00
4.273428e+00
3.899983e+00
3.326750e+00
3.021683e+00
2.921227e+00
2.811486e+00
2.252942e+00
1.965854e+00
1.416171e+00
1.324940e+00
1.260663e+00
1.089850e+00
9.669296e-01
7.012669e-01
6.139930e-01
5.732297e-01
3.908345e-01
3.747104e-01
1.948763e-01
