2.341621e+03
1.792000e+02
1.332102e+02
1.130553e+02
8.381163e+01
7.881299e+01
7.079202e+01
7.052757e+01
6.376745e+01
5.823317e+01
5.218718e+01
4.987634e+01
4.545381e+01
3.982820e+01
3.965533e+01
3.766021e+01
3.508062e+01
3.424451e+01
3.230476e+01
3.136237e+01
2.889607e+01
2.829314e+01
2.559203e+01
2.434416e+01
2.247081e+01
2.179236e+01
2.075603e+01
2.001400e+01
1.882098e+01
1.807214e+01
1.680806e+01
1.603098e+01
1.567522e+01
1.441230e+01
1.328725e+01
1.236526e+01
1.223274e+01
1.153974e+01
9.666253e+00
9.085773e+00
8.705938e+00
8.228022e+00
7.645001e+00
6.919053e+00
6.479926e+00
5.924184e+00
5.802414e+00
5.212352e+00
4.503814e+00
4.082650e+00
3.856390e+00
3.819232e+00
2.862803e+00
2.445695e+00
2.306226e+00
1.873962e+00
1.756864e+00
1.433421e+00
1.292294e+00
1.217375e+00
8.232068e-01
7.424958e-01
2.981690e-01
2.555208e-01
