1.051315e+08
8.324322e+07
7.565677e+07
6.822926e+07
6.041634e+07
5.494762e+07
4.499551e+07
4.435356e+07
4.242936e+07
3.531004e+07
3.473183e+07
3.092297e+07
2.998692e+07
2.982779e+07
2.800819e+07
2.688053e+07
2.484803e+07
2.385367e+07
2.158877e+07
1.983751e+07
1.866702e+07
1.814746e+07
1.780953e+07
1.602773e+07
1.522996e+07
1.454253e+07
1.319925e+07
1.296453e+07
1.184372e+07
1.082704e+07
1.037783e+07
1.003467e+07
9.654373e+06
9.421777e+06
8.458627e+06
8.360859e+06
7.939370e+06
7.733766e+06
7.411484e+06
7.057936e+06
6.749202e+06
6.629268e+06
6.084208e+06
5.979021e+06
5.615038e+06
5.281499e+06
5.014796e+06
4.708777e+06
4.525663e+06
4.308247e+06
4.255856e+06
4.133383e+06
3.913858e+06
3.625794e+06
3.393520e+06
3.285794e+06
3.112044e+06
2.874586e+06
2.824124e+06
2.585240e+06
2.438816e+06
2.161118e+06
2.104929e+06
9.576178e+05
