2.302193e+03
2.736908e+02
2.106202e+02
1.926717e+02
1.803816e+02
1.494298e+02
1.457370e+02
1.410226e+02
1.285713e+02
1.152296e+02
1.147666e+02
1.096418e+02
1.013644e+02
9.783884e+01
9.415902e+01
8.952878e+01
8.599670e+01
8.456413e+01
8.200970e+01
7.730875e+01
7.494979e+01
7.094440e+01
6.676627e+01
6.117038e+01
5.689633e+01
5.526991e+01
5.238776e+01
5.184518e+01
4.818762e+01
4.688910e+01
4.446102e+01
4.367506e+01
3.936004e+01
3.824693e+01
3.717776e+01
3.559381e+01
3.244614e+01
3.026446e+01
2.860716e+01
2.704295e+01
2.605296e+01
2.415498e+01
2.231509e+01
2.074973e+01
1.967182e+01
1.847797e+01
1.779926e+01
1.568233e+01
1.496167e+01
1.342141e+01
1.273482e+01
1.179354e+01
1.062506e+01
8.929019e+00
8.239297e+00
7.022892e+00
6.422140e+00
5.275377e+00
4.923145e+00
4.029835e+00
3.865846e+00
3.294774e+00
1.428147e+00
9.420856e-01
