2.335055e+03
1.804900e+02
1.402982e+02
1.158967e+02
8.848603e+01
8.227620e+01
7.448402e+01
7.414545e+01
6.709286e+01
6.111734e+01
5.532064e+01
5.338152e+01
4.876348e+01
4.244960e+01
4.202586e+01
3.997530e+01
3.746577e+01
3.724117e+01
3.503828e+01
3.358305e+01
3.111669e+01
3.014978e+01
2.746129e+01
2.634993e+01
2.448099e+01
2.337414e+01
2.242809e+01
2.163915e+01
2.039440e+01
1.968820e+01
1.809570e+01
1.724140e+01
1.708743e+01
1.567829e+01
1.449649e+01
1.342249e+01
1.318498e+01
1.262338e+01
1.051797e+01
9.922921e+00
9.476972e+00
8.977356e+00
8.380158e+00
7.593651e+00
7.098837e+00
6.523574e+00
6.298196e+00
5.712909e+00
4.955142e+00
4.511190e+00
4.289210e+00
4.194913e+00
3.184681e+00
2.670157e+00
2.532352e+00
2.078905e+00
1.949391e+00
1.569792e+00
1.439355e+00
1.348931e+00
9.129125e-01
8.333574e-01
3.353353e-01
2.834615e-01
