1.016435e+08
9.885456e+07
7.481130e+07
7.191916e+07
6.103482e+07
5.712697e+07
5.599328e+07
4.948801e+07
4.618974e+07
4.391558e+07
4.298599e+07
3.896310e+07
3.750552e+07
3.480522e+07
3.095016e+07
3.019887e+07
2.854706e+07
2.798313e+07
2.496415e+07
2.309846e+07
2.223771e+07
2.144075e+07
2.126729e+07
2.077241e+07
2.023727e+07
1.957148e+07
1.835870e+07
1.798094e+07
1.733897e+07
1.675383e+07
1.656539e+07
1.549604e+07
1.461005e+07
1.387510e+07
1.352107e+07
1.315945e+07
1.288235e+07
1.264513e+07
1.225601e+07
1.215911e+07
1.163077e+07
1.131846e+07
1.113328e+07
1.081651e+07
1.061126e+07
1.041755e+07
1.007251e+07
9.641927e+06
9.378093e+06
9.140116e+06
8.909093e+06
8.845704e+06
8.592412e+06
8.419883e+06
8.158902e+06
7.854352e+06
7.716866e+06
7.340306e+06
6.505177e+06
6.054920e+06
6.006057e+06
5.017942e+06
1.806597e+06
1.456802e+06
