4.317389e+03
1.079283e+03
8.547617e+02
3.495425e+02
2.622979e+02
1.755217e+02
1.707443e+02
1.173056e+02
1.057311e+02
9.333463e+01
7.401770e+01
5.980423e+01
4.851721e+01
4.732987e+01
3.553739e+01
3.104500e+01
2.782499e+01
2.377395e+01
2.307392e+01
2.017899e+01
1.818189e+01
1.380964e+01
1.246341e+01
1.028790e+01
8.808139e+00
7.901907e+00
6.910549e+00
6.515764e+00
6.032191e+00
5.213847e+00
4.859205e+00
4.091220e+00
3.570343e+00
3.319848e+00
3.071392e+00
2.488286e+00
2.252888e+00
2.045351e+00
1.793559e+00
1.427134e+00
1.282233e+00
1.096280e+00
9.279359e-01
8.082719e-01
6.291847e-01
5.491914e-01
4.037305e-01
3.520471e-01
3.261296e-01
2.864964e-01
1.833139e-01
1.430572e-01
1.153084e-01
9.814207e-02
9.376772e-02
7.637160e-02
5.979816e-02
5.124091e-02
2.799272e-02
2.269495e-02
1.376592e-02
1.279554e-02
7.617553e-03
4.735358e-03
