1.090292e+08
8.595842e+07
7.876259e+07
7.112696e+07
6.375567e+07
5.794842e+07
4.638528e+07
4.566671e+07
4.346404e+07
3.692183e+07
3.579774e+07
3.209273e+07
3.131620e+07
3.058996e+07
2.899439e+07
2.780039e+07
2.589202e+07
2.433846e+07
2.186613e+07
2.034265e+07
1.941254e+07
1.862656e+07
1.821475e+07
1.681520e+07
1.591767e+07
1.534202e+07
1.393854e+07
1.337635e+07
1.223566e+07
1.143720e+07
1.077057e+07
1.045782e+07
1.020276e+07
9.817232e+06
8.833485e+06
8.690579e+06
8.279590e+06
8.002520e+06
7.713054e+06
7.383638e+06
6.996219e+06
6.922195e+06
6.435238e+06
6.210246e+06
5.802386e+06
5.512828e+06
5.278637e+06
4.910707e+06
4.696702e+06
4.510986e+06
4.443112e+06
4.335738e+06
4.087710e+06
3.793785e+06
3.555734e+06
3.460888e+06
3.175049e+06
3.084779e+06
2.918068e+06
2.665556e+06
2.588849e+06
2.231243e+06
2.198991e+06
1.008578e+06
