4.345243e+03
1.080289e+03
8.596819e+02
3.671516e+02
2.762228e+02
1.855164e+02
1.774394e+02
1.227051e+02
1.084588e+02
9.811224e+01
7.922054e+01
6.275642e+01
5.215772e+01
5.020705e+01
3.646083e+01
3.204988e+01
2.934112e+01
2.468189e+01
2.437641e+01
2.069849e+01
1.912372e+01
1.475897e+01
1.317174e+01
1.061012e+01
9.421646e+00
8.432786e+00
6.902173e+00
6.794906e+00
6.175128e+00
5.384826e+00
5.032069e+00
4.253106e+00
3.722346e+00
3.365510e+00
3.206261e+00
2.485495e+00
2.310925e+00
2.063065e+00
1.837957e+00
1.475324e+00
1.316316e+00
1.146908e+00
9.668152e-01
8.285385e-01
6.565164e-01
5.489782e-01
4.132406e-01
3.465214e-01
3.226258e-01
2.866370e-01
1.526945e-01
1.248403e-01
1.130339e-01
9.537893e-02
8.799742e-02
6.564973e-02
5.502956e-02
4.129951e-02
2.642464e-02
2.253418e-02
1.388455e-02
1.154096e-02
6.813088e-03
3.922808e-03
