2.328629e+03
1.819579e+02
1.511591e+02
1.226803e+02
9.737057e+01
8.867110e+01
8.103197e+01
8.015619e+01
7.370815e+01
6.641450e+01
6.157837e+01
5.902422e+01
5.410729e+01
4.759389e+01
4.629588e+01
4.399110e+01
4.253861e+01
4.174706e+01
3.961905e+01
3.730819e+01
3.523615e+01
3.384471e+01
3.071673e+01
2.971735e+01
2.788059e+01
2.618732e+01
2.514957e+01
2.455431e+01
2.326393e+01
2.238338e+01
2.033685e+01
1.964336e+01
1.941347e+01
1.789607e+01
1.653652e+01
1.533779e+01
1.498925e+01
1.444705e+01
1.206955e+01
1.139761e+01
1.093434e+01
1.029526e+01
9.705994e+00
8.746205e+00
8.204013e+00
7.572688e+00
7.229947e+00
6.549735e+00
5.770377e+00
5.246469e+00
5.016045e+00
4.855392e+00
3.742350e+00
3.096209e+00
2.964129e+00
2.452834e+00
2.300382e+00
1.838520e+00
1.698087e+00
1.557725e+00
1.075928e+00
1.006073e+00
4.055042e-01
3.315884e-01
