1.280510e+08
1.236392e+08
9.154350e+07
8.784302e+07
7.771802e+07
7.207187e+07
7.071314e+07
6.206511e+07
5.780334e+07
5.569590e+07
5.378848e+07
4.928650e+07
4.728904e+07
4.457911e+07
3.871933e+07
3.826198e+07
3.647479e+07
3.565688e+07
3.204620e+07
2.966273e+07
2.851099e+07
2.815113e+07
2.732274e+07
2.661468e+07
2.651293e+07
2.519040e+07
2.414957e+07
2.368845e+07
2.298100e+07
2.249524e+07
2.196069e+07
2.082058e+07
1.915772e+07
1.854316e+07
1.814129e+07
1.772811e+07
1.762797e+07
1.713161e+07
1.701271e+07
1.642020e+07
1.599516e+07
1.540649e+07
1.525084e+07
1.499829e+07
1.444666e+07
1.440494e+07
1.398764e+07
1.335271e+07
1.329387e+07
1.280281e+07
1.255572e+07
1.235050e+07
1.199379e+07
1.181712e+07
1.142490e+07
1.110040e+07
1.094249e+07
1.034470e+07
9.198319e+06
8.989987e+06
8.634846e+06
7.011458e+06
2.546478e+06
2.109240e+06
