5.585283e+03
6.296326e+02
4.972570e+02
2.841675e+02
2.617363e+02
2.023251e+02
1.459213e+02
1.069386e+02
9.909366e+01
8.842435e+01
7.109810e+01
6.974768e+01
6.394543e+01
5.768084e+01
5.120845e+01
4.891944e+01
4.544616e+01
4.380493e+01
3.862239e+01
3.525048e+01
3.445513e+01
3.022506e+01
2.780009e+01
2.604089e+01
2.471727e+01
2.281519e+01
2.115248e+01
1.979632e+01
1.848911e+01
1.754054e+01
1.607094e+01
1.494963e+01
1.415101e+01
1.307587e+01
1.260654e+01
1.192702e+01
1.164061e+01
1.053409e+01
9.440898e+00
8.988198e+00
8.729845e+00
8.079468e+00
7.840238e+00
7.575930e+00
6.394374e+00
5.816503e+00
5.690704e+00
4.406696e+00
4.066461e+00
3.989816e+00
3.891518e+00
3.265101e+00
2.767105e+00
2.177309e+00
1.972916e+00
1.673375e+00
1.579863e+00
1.388272e+00
1.007068e+00
9.414381e-01
8.916201e-01
5.883921e-01
4.955563e-01
2.809411e-01
