1.214003e+08
9.756795e+07
8.853184e+07
8.039231e+07
7.531342e+07
6.615830e+07
5.219112e+07
5.210838e+07
4.758219e+07
4.227667e+07
4.033998e+07
3.674792e+07
3.563458e+07
3.372442e+07
3.202235e+07
3.073410e+07
2.896016e+07
2.645800e+07
2.424297e+07
2.287870e+07
2.217879e+07
2.075495e+07
1.999985e+07
1.959742e+07
1.838725e+07
1.796805e+07
1.685503e+07
1.535295e+07
1.431805e+07
1.394146e+07
1.282490e+07
1.239625e+07
1.221189e+07
1.107840e+07
1.061642e+07
1.054253e+07
9.811792e+06
9.365319e+06
9.068537e+06
8.864471e+06
8.631313e+06
8.460750e+06
7.896842e+06
7.696160e+06
7.101597e+06
6.903016e+06
6.679546e+06
6.078317e+06
6.012437e+06
5.721160e+06
5.480519e+06
5.312795e+06
5.085362e+06
4.950640e+06
4.512748e+06
4.428475e+06
4.131956e+06
3.982232e+06
3.576440e+06
3.511692e+06
3.313875e+06
2.897686e+06
2.761805e+06
1.317437e+06
