1.059234e+08
8.361942e+07
7.621324e+07
6.874944e+07
6.102968e+07
5.557236e+07
4.527848e+07
4.456780e+07
4.262831e+07
3.564612e+07
3.489200e+07
3.110739e+07
3.023244e+07
3.000888e+07
2.822187e+07
2.705018e+07
2.505842e+07
2.392561e+07
2.163725e+07
1.990790e+07
1.881278e+07
1.823002e+07
1.788918e+07
1.616133e+07
1.535821e+07
1.469851e+07
1.331159e+07
1.304576e+07
1.190873e+07
1.090877e+07
1.045054e+07
1.011669e+07
9.747616e+06
9.516117e+06
8.510593e+06
8.423920e+06
8.001940e+06
7.765077e+06
7.460146e+06
7.110068e+06
6.784608e+06
6.690618e+06
6.141241e+06
6.009306e+06
5.644340e+06
5.315302e+06
5.052151e+06
4.738780e+06
4.537149e+06
4.332199e+06
4.285472e+06
4.167632e+06
3.941040e+06
3.643401e+06
3.416850e+06
3.311226e+06
3.118462e+06
2.902076e+06
2.844760e+06
2.596975e+06
2.460201e+06
2.164396e+06
2.122657e+06
9.652254e+05
