5.618671e+03
6.077534e+02
4.832112e+02
2.665176e+02
2.468040e+02
1.872736e+02
1.418028e+02
1.001042e+02
9.474368e+01
8.237619e+01
6.590510e+01
6.151055e+01
6.049821e+01
5.110966e+01
4.476862e+01
4.397604e+01
3.932742e+01
3.676814e+01
3.373501e+01
3.141707e+01
2.953779e+01
2.548647e+01
2.403696e+01
2.275777e+01
1.949026e+01
1.850160e+01
1.746238e+01
1.652839e+01
1.421030e+01
1.373427e+01
1.305982e+01
1.193299e+01
1.121710e+01
1.088286e+01
1.025677e+01
9.887762e+00
9.013228e+00
8.182231e+00
7.422775e+00
7.214006e+00
6.822544e+00
6.302709e+00
6.025448e+00
5.578192e+00
4.329444e+00
4.174786e+00
3.775632e+00
3.273477e+00
2.988920e+00
2.880687e+00
2.716514e+00
2.232494e+00
1.908760e+00
1.385923e+00
1.291583e+00
1.235530e+00
1.068431e+00
9.452593e-01
6.916794e-01
5.989019e-01
5.525891e-01
3.872885e-01
3.610444e-01
1.898203e-01
