2.820789e+07
2.333824e+07
2.013036e+07
1.998093e+07
1.887128e+07
1.523524e+07
1.451548e+07
1.405660e+07
1.180438e+07
1.167142e+07
9.838794e+06
8.681708e+06
7.639268e+06
6.845652e+06
6.077496e+06
5.426700e+06
4.658821e+06
4.403990e+06
4.017345e+06
3.330653e+06
3.019360e+06
2.520627e+06
2.308988e+06
2.186306e+06
1.899188e+06
1.749230e+06
1.599008e+06
1.386703e+06
1.318856e+06
1.083564e+06
8.736064e+05
8.474817e+05
7.856218e+05
7.506838e+05
6.549482e+05
5.930696e+05
5.763156e+05
5.077168e+05
4.870018e+05
4.494972e+05
3.952388e+05
3.802442e+05
3.632593e+05
3.213121e+05
2.752403e+05
2.508606e+05
2.398137e+05
2.017282e+05
1.685403e+05
1.510137e+05
1.436895e+05
1.360501e+05
1.091968e+05
8.088060e+04
7.361763e+04
5.767320e+04
5.629527e+04
4.305306e+04
3.160954e+04
2.812401e+04
2.369374e+04
1.865154e+04
1.671338e+04
8.787521e+03
