2.642076e+08
2.380143e+08
2.206627e+08
1.983468e+08
1.813396e+08
1.744937e+08
1.544924e+08
1.497180e+08
1.293680e+08
1.225961e+08
1.188464e+08
1.149286e+08
1.093893e+08
1.021994e+08
9.953346e+07
9.665478e+07
8.884012e+07
8.478662e+07
8.351970e+07
8.109785e+07
8.040181e+07
7.711902e+07
7.375368e+07
7.158708e+07
6.969157e+07
6.638256e+07
6.457927e+07
6.316337e+07
6.187406e+07
6.097346e+07
5.867805e+07
5.814643e+07
5.649612e+07
5.574723e+07
5.317661e+07
5.274353e+07
5.053360e+07
4.935365e+07
4.699688e+07
4.638292e+07
4.536499e+07
4.504873e+07
4.374756e+07
4.317970e+07
4.197554e+07
4.030831e+07
3.955126e+07
3.847322e+07
3.714734e+07
3.701566e+07
3.584292e+07
3.477805e+07
3.471171e+07
3.374898e+07
3.231991e+07
3.199423e+07
3.048453e+07
3.034239e+07
2.842962e+07
2.773617e+07
2.575506e+07
2.450676e+07
1.828057e+07
9.425052e+06
