5.244685e+03
9.275426e+01
8.729921e+01
2.051703e+00
1.720263e+00
1.244339e+00
6.005096e-02
4.502019e-02
2.628879e-02
1.672554e-02
2.579567e-03
1.426369e-03
1.081138e-03
7.627567e-04
3.603577e-04
1.142034e-04
1.092386e-04
9.787472e-05
9.531768e-05
8.443455e-05
7.810607e-05
7.364299e-05
6.881543e-05
6.381009e-05
6.259656e-05
5.688972e-05
5.433600e-05
5.234778e-05
5.011186e-05
4.200000e-05
3.982991e-05
3.780569e-05
3.179127e-05
2.442321e-05
2.272782e-05
2.119269e-05
1.655473e-05
1.139300e-05
9.423605e-06
5.038393e-06
4.664199e-06
-5.762997e-07
-4.824401e-06
-1.200671e-05
-1.593336e-05
-1.776950e-05
-1.921434e-05
-2.376837e-05
-2.596349e-05
-2.906579e-05
-3.665534e-05
-3.789676e-05
-4.436110e-05
-4.771422e-05
-5.424249e-05
-5.475035e-05
-6.402461e-05
-7.086453e-05
-7.212608e-05
-7.513981e-05
-8.040362e-05
-8.147275e-05
-8.844662e-05
-1.042385e-04
