2.485004e+03
3.733371e+02
3.189548e+02
8.116612e+01
6.425319e+01
2.440026e+01
8.044604e+00
5.480426e+00
3.468127e+00
2.936839e+00
4.859501e-01
3.307796e-01
2.426293e-01
2.067908e-01
1.051123e-01
5.107190e-02
2.258071e-02
1.232608e-02
8.142299e-03
5.871657e-03
2.320108e-03
1.374032e-03
9.652548e-04
6.735257e-04
3.820653e-04
2.878446e-04
1.387709e-04
8.388915e-05
7.643981e-05
5.339449e-05
3.659047e-05
3.461569e-05
3.218332e-05
2.910752e-05
2.361195e-05
2.069474e-05
1.873347e-05
1.776309e-05
1.691678e-05
1.627184e-05
1.414550e-05
1.073514e-05
8.795899e-06
8.252599e-06
6.930258e-06
5.918757e-06
3.609134e-06
9.931014e-07
4.425213e-07
-1.640499e-06
-2.518480e-06
-4.884010e-06
-6.627099e-06
-9.230701e-06
-9.428879e-06
-1.286376e-05
-1.466712e-05
-1.636604e-05
-1.949309e-05
-2.031167e-05
-2.176100e-05
-2.671558e-05
-2.944424e-05
-3.019563e-05
