5.624905e+03
6.095125e+02
4.853621e+02
2.671984e+02
2.476432e+02
1.880492e+02
1.424154e+02
1.003761e+02
9.504545e+01
8.252674e+01
6.605640e+01
6.125716e+01
6.044947e+01
5.109933e+01
4.476574e+01
4.393761e+01
3.933558e+01
3.659563e+01
3.367405e+01
3.137368e+01
2.955408e+01
2.547986e+01
2.400059e+01
2.271930e+01
1.946209e+01
1.848197e+01
1.742321e+01
1.649023e+01
1.415605e+01
1.372411e+01
1.306114e+01
1.188763e+01
1.121333e+01
1.087271e+01
1.025311e+01
9.865467e+00
9.015176e+00
8.150533e+00
7.392923e+00
7.207355e+00
6.822979e+00
6.278232e+00
6.020509e+00
5.546354e+00
4.300142e+00
4.152948e+00
3.751122e+00
3.266690e+00
2.987473e+00
2.880441e+00
2.694665e+00
2.234062e+00
1.897079e+00
1.382415e+00
1.283278e+00
1.232100e+00
1.064163e+00
9.408585e-01
6.901515e-01
5.976913e-01
5.481430e-01
3.864805e-01
3.588354e-01
1.892112e-01
