1.106804e+08
1.083748e+08
8.066112e+07
7.756112e+07
6.694938e+07
6.224071e+07
6.111665e+07
5.387984e+07
5.013699e+07
4.815895e+07
4.676191e+07
4.260670e+07
4.080479e+07
3.818374e+07
3.365034e+07
3.290708e+07
3.120709e+07
3.058592e+07
2.750124e+07
2.535911e+07
2.430792e+07
2.382990e+07
2.351505e+07
2.282155e+07
2.232185e+07
2.147954e+07
2.036372e+07
1.992157e+07
1.907899e+07
1.889743e+07
1.846541e+07
1.727976e+07
1.602406e+07
1.556509e+07
1.501713e+07
1.475756e+07
1.448691e+07
1.412040e+07
1.383926e+07
1.380472e+07
1.314424e+07
1.266717e+07
1.251135e+07
1.229630e+07
1.188137e+07
1.178226e+07
1.141343e+07
1.090071e+07
1.068732e+07
1.034627e+07
1.010072e+07
9.989345e+06
9.719580e+06
9.474645e+06
9.256556e+06
8.911637e+06
8.834787e+06
8.355948e+06
7.353282e+06
7.026727e+06
6.861343e+06
5.703495e+06
2.043845e+06
1.670968e+06
