4.302331e+03
1.079330e+03
8.561387e+02
3.359122e+02
2.528353e+02
1.681004e+02
1.660146e+02
1.129320e+02
1.039607e+02
8.862375e+01
7.049628e+01
5.746183e+01
4.615909e+01
4.475370e+01
3.488214e+01
2.993547e+01
2.649654e+01
2.324598e+01
2.213257e+01
1.968084e+01
1.755078e+01
1.303688e+01
1.196967e+01
1.012000e+01
8.420572e+00
7.469420e+00
6.821503e+00
6.229268e+00
5.883911e+00
5.086269e+00
4.672269e+00
3.945660e+00
3.407670e+00
3.249015e+00
2.918473e+00
2.453668e+00
2.182110e+00
1.976471e+00
1.731838e+00
1.376829e+00
1.254266e+00
1.048487e+00
8.872327e-01
8.057659e-01
6.146018e-01
5.371364e-01
4.050939e-01
3.639383e-01
3.399721e-01
2.910140e-01
2.080188e-01
1.624221e-01
1.231746e-01
1.061249e-01
9.638558e-02
8.235806e-02
6.368963e-02
5.355705e-02
2.914399e-02
2.257106e-02
1.446361e-02
1.364473e-02
7.987632e-03
5.700126e-03
