2.342838e+03
1.786585e+02
1.327098e+02
1.129539e+02
8.353565e+01
7.865787e+01
7.059179e+01
7.025918e+01
6.357897e+01
5.808229e+01
5.204286e+01
4.967321e+01
4.527939e+01
3.973104e+01
3.948077e+01
3.752798e+01
3.496713e+01
3.407419e+01
3.216231e+01
3.123512e+01
2.883166e+01
2.823544e+01
2.549063e+01
2.422701e+01
2.235919e+01
2.171118e+01
2.065541e+01
1.993272e+01
1.875753e+01
1.798720e+01
1.673630e+01
1.595992e+01
1.560028e+01
1.434100e+01
1.320965e+01
1.231160e+01
1.218070e+01
1.148471e+01
9.630116e+00
9.039212e+00
8.666959e+00
8.192022e+00
7.610018e+00
6.880597e+00
6.441022e+00
5.890897e+00
5.779911e+00
5.182901e+00
4.483068e+00
4.058814e+00
3.832443e+00
3.801715e+00
2.843971e+00
2.433920e+00
2.293990e+00
1.862918e+00
1.746274e+00
1.426686e+00
1.283608e+00
1.208423e+00
8.180362e-01
7.383739e-01
2.962258e-01
2.539476e-01
