2.781218e+07
2.217460e+07
1.966736e+07
1.900867e+07
1.895368e+07
1.453521e+07
1.431323e+07
1.269316e+07
1.200762e+07
1.095939e+07
8.676117e+06
7.663588e+06
6.493572e+06
5.925122e+06
5.329004e+06
5.184206e+06
3.978622e+06
3.663079e+06
3.553753e+06
3.493773e+06
3.024311e+06
2.430664e+06
2.342673e+06
2.125462e+06
1.907206e+06
1.696053e+06
1.649205e+06
1.412840e+06
1.356015e+06
1.228511e+06
9.987489e+05
9.705011e+05
9.504616e+05
7.511334e+05
7.098098e+05
6.528904e+05
5.888597e+05
5.193033e+05
4.770352e+05
4.281860e+05
4.171121e+05
3.920355e+05
3.695977e+05
3.456271e+05
3.101982e+05
2.850936e+05
2.694992e+05
2.154125e+05
1.912949e+05
1.780338e+05
1.631179e+05
1.550905e+05
1.099446e+05
9.425498e+04
8.883104e+04
6.204854e+04
5.986213e+04
4.626193e+04
2.958147e+04
2.787388e+04
2.669522e+04
2.004605e+04
1.924355e+04
1.016575e+04
