1.397936e+08
1.147708e+08
1.046269e+08
9.445838e+07
9.367257e+07
7.896548e+07
6.258198e+07
6.128048e+07
5.456083e+07
5.129995e+07
4.796388e+07
4.497787e+07
4.295029e+07
4.019050e+07
3.897322e+07
3.541792e+07
3.423576e+07
3.128674e+07
2.952077e+07
2.832974e+07
2.655898e+07
2.578642e+07
2.478341e+07
2.451955e+07
2.322894e+07
2.244737e+07
2.072237e+07
1.947655e+07
1.847394e+07
1.817952e+07
1.725735e+07
1.634571e+07
1.585398e+07
1.518088e+07
1.450088e+07
1.398537e+07
1.315251e+07
1.256637e+07
1.232383e+07
1.153167e+07
1.129660e+07
1.122424e+07
1.063384e+07
1.030035e+07
1.008091e+07
9.630133e+06
9.282054e+06
8.834725e+06
8.491891e+06
8.134634e+06
7.980158e+06
7.361337e+06
7.235188e+06
6.825258e+06
6.580520e+06
6.473028e+06
6.191262e+06
5.967930e+06
5.385600e+06
5.218920e+06
4.953788e+06
4.403948e+06
4.192704e+06
1.964239e+06
