3.195729e+08
2.898204e+08
2.380628e+08
2.159492e+08
2.002553e+08
1.945004e+08
1.919212e+08
1.673701e+08
1.599519e+08
1.546957e+08
1.438586e+08
1.406103e+08
1.329742e+08
1.310893e+08
1.212348e+08
1.184250e+08
1.171196e+08
1.111077e+08
1.088720e+08
1.067069e+08
1.043980e+08
1.012464e+08
9.904590e+07
9.799452e+07
9.325428e+07
9.124742e+07
9.096400e+07
8.861702e+07
8.690134e+07
8.513149e+07
8.437640e+07
8.327361e+07
8.053832e+07
7.837432e+07
7.779569e+07
7.442064e+07
7.346212e+07
7.228438e+07
7.055456e+07
6.984241e+07
6.934970e+07
6.863307e+07
6.650447e+07
6.551093e+07
6.444110e+07
6.315514e+07
6.278388e+07
6.111714e+07
6.084562e+07
5.850456e+07
5.669140e+07
5.629063e+07
5.595564e+07
5.471034e+07
5.260362e+07
5.094565e+07
5.068948e+07
4.834066e+07
4.741874e+07
4.403837e+07
4.203105e+07
3.629674e+07
1.594879e+07
1.544378e+07
