2.667572e+07
2.013946e+07
1.909007e+07
1.834986e+07
1.799010e+07
1.317066e+07
1.281793e+07
1.165356e+07
9.908594e+06
9.060950e+06
6.966394e+06
6.681704e+06
5.742462e+06
5.616446e+06
4.793548e+06
4.271866e+06
3.529332e+06
3.478152e+06
2.856957e+06
2.517983e+06
2.472003e+06
2.262178e+06
1.853998e+06
1.815434e+06
1.627598e+06
1.412288e+06
1.281613e+06
1.191245e+06
1.099055e+06
1.062600e+06
8.718806e+05
7.804609e+05
6.623348e+05
6.064648e+05
5.447319e+05
5.169541e+05
4.877112e+05
4.221414e+05
4.092918e+05
3.811023e+05
3.577396e+05
3.254022e+05
3.025053e+05
2.524279e+05
2.274120e+05
2.097173e+05
1.927429e+05
1.794771e+05
1.641020e+05
1.470792e+05
1.438554e+05
1.170394e+05
1.071500e+05
7.647791e+04
7.204632e+04
6.060667e+04
4.968206e+04
3.623220e+04
2.563953e+04
2.236144e+04
1.719208e+04
1.547006e+04
8.587834e+03
4.664692e+03
