1.043885e+08
1.018042e+08
7.669863e+07
7.343990e+07
6.280265e+07
5.858130e+07
5.756122e+07
5.085169e+07
4.740851e+07
4.521416e+07
4.412548e+07
4.000655e+07
3.846837e+07
3.581070e+07
3.175494e+07
3.101521e+07
2.931753e+07
2.874700e+07
2.575936e+07
2.377003e+07
2.284145e+07
2.216460e+07
2.195696e+07
2.137908e+07
2.085909e+07
2.016916e+07
1.895021e+07
1.856539e+07
1.784477e+07
1.739439e+07
1.713183e+07
1.602495e+07
1.502772e+07
1.436361e+07
1.396148e+07
1.361297e+07
1.337406e+07
1.310740e+07
1.273646e+07
1.264516e+07
1.208417e+07
1.171730e+07
1.153295e+07
1.126080e+07
1.097811e+07
1.083704e+07
1.046722e+07
1.001597e+07
9.764974e+06
9.482740e+06
9.243968e+06
9.164761e+06
8.907434e+06
8.715107e+06
8.482671e+06
8.159175e+06
8.045580e+06
7.643840e+06
6.748916e+06
6.338886e+06
6.254707e+06
5.214412e+06
1.871666e+06
1.514856e+06
