4.327388e+03
1.079249e+03
8.562112e+02
3.580973e+02
2.686036e+02
1.803283e+02
1.742115e+02
1.200296e+02
1.069751e+02
9.576878e+01
7.650565e+01
6.131092e+01
5.039594e+01
4.867441e+01
3.596598e+01
3.157459e+01
2.852015e+01
2.409742e+01
2.376764e+01
2.049035e+01
1.862230e+01
1.432329e+01
1.282261e+01
1.045369e+01
9.109196e+00
8.151114e+00
6.914143e+00
6.671711e+00
6.112961e+00
5.291021e+00
4.955061e+00
4.166763e+00
3.655531e+00
3.346247e+00
3.144689e+00
2.483099e+00
2.262854e+00
2.065709e+00
1.821171e+00
1.451937e+00
1.295941e+00
1.125975e+00
9.456192e-01
8.186480e-01
6.419816e-01
5.517293e-01
4.076127e-01
3.508207e-01
3.233514e-01
2.871545e-01
1.665647e-01
1.329971e-01
1.130794e-01
9.736723e-02
9.112810e-02
7.055759e-02
5.691571e-02
4.761176e-02
2.748859e-02
2.254876e-02
1.391103e-02
1.216841e-02
7.200671e-03
4.239662e-03
