1.002753e+08
9.747527e+07
7.397143e+07
7.119028e+07
6.012039e+07
5.644869e+07
5.526363e+07
4.885637e+07
4.565038e+07
4.328776e+07
4.239858e+07
3.842239e+07
3.703734e+07
3.435683e+07
3.058715e+07
2.983527e+07
2.817226e+07
2.761637e+07
2.460640e+07
2.272948e+07
2.189660e+07
2.111203e+07
2.090813e+07
2.045766e+07
1.994034e+07
1.926462e+07
1.807329e+07
1.773437e+07
1.709494e+07
1.642988e+07
1.627574e+07
1.524934e+07
1.441474e+07
1.365472e+07
1.330316e+07
1.294922e+07
1.265166e+07
1.242834e+07
1.200345e+07
1.192159e+07
1.141043e+07
1.114173e+07
1.095732e+07
1.058074e+07
1.043472e+07
1.022985e+07
9.867503e+06
9.481160e+06
9.190654e+06
8.973861e+06
8.763606e+06
8.697889e+06
8.448487e+06
8.281684e+06
8.016829e+06
7.720140e+06
7.550312e+06
7.206550e+06
6.387758e+06
5.933348e+06
5.880914e+06
4.933048e+06
1.774167e+06
1.423382e+06
