2.811319e+07
2.328121e+07
1.999842e+07
1.971845e+07
1.907882e+07
1.525896e+07
1.444312e+07
1.383167e+07
1.165384e+07
1.156597e+07
9.724373e+06
8.332182e+06
7.272228e+06
6.620552e+06
5.936458e+06
5.320012e+06
4.455480e+06
4.275064e+06
3.921684e+06
3.289951e+06
2.991426e+06
2.469682e+06
2.270904e+06
2.166636e+06
1.869505e+06
1.753908e+06
1.595933e+06
1.387635e+06
1.330765e+06
1.075003e+06
9.231992e+05
8.570495e+05
8.015556e+05
7.708315e+05
6.627245e+05
6.101824e+05
5.861423e+05
5.088468e+05
4.848342e+05
4.560460e+05
4.051405e+05
3.893322e+05
3.617969e+05
3.298953e+05
2.934795e+05
2.553982e+05
2.400905e+05
2.042176e+05
1.804778e+05
1.545060e+05
1.476754e+05
1.393899e+05
1.054862e+05
7.735162e+04
7.437280e+04
5.992271e+04
5.828436e+04
4.369066e+04
3.134501e+04
2.765645e+04
2.376070e+04
1.889977e+04
1.692398e+04
9.157414e+03
