2.340398e+03
1.798057e+02
1.341319e+02
1.133815e+02
8.434467e+01
7.921627e+01
7.121439e+01
7.092343e+01
6.411672e+01
5.851780e+01
5.249608e+01
5.026835e+01
4.586876e+01
4.005762e+01
3.993007e+01
3.787486e+01
3.533860e+01
3.459775e+01
3.261182e+01
3.160504e+01
2.907475e+01
2.846196e+01
2.579474e+01
2.457998e+01
2.270823e+01
2.194619e+01
2.095028e+01
2.016783e+01
1.897780e+01
1.825983e+01
1.695391e+01
1.617189e+01
1.581868e+01
1.455722e+01
1.343034e+01
1.248773e+01
1.233050e+01
1.165229e+01
9.748631e+00
9.177374e+00
8.784442e+00
8.310229e+00
7.717904e+00
6.992268e+00
6.541865e+00
5.987705e+00
5.857379e+00
5.267378e+00
4.553464e+00
4.131525e+00
3.903627e+00
3.856226e+00
2.898909e+00
2.467042e+00
2.327507e+00
1.895840e+00
1.776054e+00
1.446622e+00
1.307785e+00
1.234352e+00
8.331705e-01
7.530524e-01
3.018416e-01
2.586635e-01
