1.127656e+08
8.917203e+07
8.174679e+07
7.383202e+07
6.714052e+07
6.036081e+07
4.807113e+07
4.743496e+07
4.443030e+07
3.847454e+07
3.698193e+07
3.335026e+07
3.278854e+07
3.130360e+07
2.977206e+07
2.869407e+07
2.672307e+07
2.480116e+07
2.244640e+07
2.092955e+07
2.028860e+07
1.895881e+07
1.878926e+07
1.764966e+07
1.668618e+07
1.612081e+07
1.484798e+07
1.389797e+07
1.293198e+07
1.206905e+07
1.130386e+07
1.091858e+07
1.084948e+07
1.013886e+07
9.258871e+06
9.091199e+06
8.718147e+06
8.402762e+06
8.070484e+06
7.741141e+06
7.421948e+06
7.320932e+06
6.883678e+06
6.653782e+06
6.132788e+06
5.831116e+06
5.633774e+06
5.231874e+06
5.016136e+06
4.818468e+06
4.730549e+06
4.587341e+06
4.326004e+06
4.072464e+06
3.808603e+06
3.694780e+06
3.409850e+06
3.306823e+06
3.070870e+06
2.853532e+06
2.768409e+06
2.404414e+06
2.324226e+06
1.091297e+06
