1.072179e+08
8.449151e+07
7.708553e+07
6.956850e+07
6.198279e+07
5.650893e+07
4.569433e+07
4.489198e+07
4.284602e+07
3.605643e+07
3.515584e+07
3.140885e+07
3.059922e+07
3.017322e+07
2.853840e+07
2.732228e+07
2.540038e+07
2.405965e+07
2.169607e+07
2.005009e+07
1.903070e+07
1.836821e+07
1.797284e+07
1.641353e+07
1.554448e+07
1.495120e+07
1.353692e+07
1.314350e+07
1.203697e+07
1.109400e+07
1.056501e+07
1.024868e+07
9.934694e+06
9.610938e+06
8.627092e+06
8.518381e+06
8.105447e+06
7.844616e+06
7.564070e+06
7.216786e+06
6.847492e+06
6.762936e+06
6.228588e+06
6.068740e+06
5.715702e+06
5.384208e+06
5.130872e+06
4.804698e+06
4.588526e+06
4.392593e+06
4.326484e+06
4.230014e+06
4.006401e+06
3.685162e+06
3.456738e+06
3.357168e+06
3.138070e+06
2.970529e+06
2.871746e+06
2.619804e+06
2.503954e+06
2.174298e+06
2.153984e+06
9.856139e+05
