# x  u_exact  u_pred  abs_error
0.000000e+00 0.000000e+00 6.057709e-02 6.057709e-02
1.001001e-03 2.695512e-18 6.032683e-02 6.032683e-02
2.002002e-03 5.389090e-18 6.007619e-02 6.007619e-02
3.003003e-03 8.078802e-18 5.982555e-02 5.982555e-02
4.004004e-03 1.076272e-17 5.957495e-02 5.957495e-02
5.005005e-03 1.343892e-17 5.932404e-02 5.932404e-02
6.006006e-03 1.610548e-17 5.907311e-02 5.907311e-02
7.007007e-03 1.876050e-17 5.882169e-02 5.882169e-02
8.008008e-03 2.140209e-17 5.857009e-02 5.857009e-02
9.009009e-03 2.402837e-17 5.831765e-02 5.831765e-02
1.001001e-02 2.663745e-17 5.806465e-02 5.806465e-02
1.101101e-02 2.922751e-17 5.781074e-02 5.781074e-02
1.201201e-02 3.179670e-17 5.755568e-02 5.755568e-02
1.301301e-02 3.434321e-17 5.729961e-02 5.729961e-02
1.401401e-02 3.686526e-17 5.704235e-02 5.704235e-02
1.501502e-02 3.936108e-17 5.678377e-02 5.678377e-02
1.601602e-02 4.182893e-17 5.652374e-02 5.652374e-02
1.701702e-02 4.426709e-17 5.626252e-02 5.626252e-02
1.801802e-02 4.667388e-17 5.599974e-02 5.599974e-02
1.901902e-02 4.904766e-17 5.573553e-02 5.573553e-02
2.002002e-02 5.138679e-17 5.547026e-02 5.547026e-02
2.102102e-02 5.368970e-17 5.520362e-02 5.520362e-02
2.202202e-02 5.595482e-17 5.493572e-02 5.493572e-02
2.302302e-02 5.818065e-17 5.466650e-02 5.466650e-02
2.402402e-02 6.036570e-17 5.439650e-02 5.439650e-02
2.502503e-02 6.250854e-17 5.412549e-02 5.412549e-02
2.602603e-02 6.460778e-17 5.385362e-02 5.385362e-02
2.702703e-02 6.666205e-17 5.358090e-02 5.358090e-02
2.802803e-02 6.867005e-17 5.330777e-02 5.330777e-02
2.902903e-02 7.063052e-17 5.303389e-02 5.303389e-02
3.003003e-02 7.254223e-17 5.275960e-02 5.275960e-02
3.103103e-02 7.440401e-17 5.248474e-02 5.248474e-02
3.203203e-02 7.621473e-17 5.220951e-02 5.220951e-02
3.303303e-02 7.797334e-17 5.193391e-02 5.193391e-02
3.403403e-02 7.967879e-17 5.165789e-02 5.165789e-02
3.503504e-02 8.133013e-17 5.138150e-02 5.138150e-02
3.603604e-02 8.292643e-17 5.110477e-02 5.110477e-02
3.703704e-02 8.446682e-17 5.082758e-02 5.082758e-02
3.803804e-02 8.595050e-17 5.054991e-02 5.054991e-02
3.903904e-02 8.737670e-17 5.027139e-02 5.027139e-02
4.004004e-02 8.874474e-17 4.999253e-02 4.999253e-02
4.104104e-02 9.005396e-17 4.971260e-02 4.971260e-02
4.204204e-02 9.130378e-17 4.943201e-02 4.943201e-02
4.304304e-02 9.249366e-17 4.915021e-02 4.915021e-02
4.404404e-02 9.362314e-17 4.886740e-02 4.886740e-02
4.504505e-02 9.469180e-17 4.858340e-02 4.858340e-02
4.604605e-02 9.569930e-17 4.829822e-02 4.829822e-02
4.704705e-02 9.664532e-17 4.801147e-02 4.801147e-02
4.804805e-02 9.752965e-17 4.772338e-02 4.772338e-02
4.904905e-02 9.835210e-17 4.743348e-02 4.743348e-02
5.005005e-02 9.911256e-17 4.714254e-02 4.714254e-02
5.105105e-02 9.981097e-17 4.684974e-02 4.684974e-02
5.205205e-02 1.004473e-16 4.655533e-02 4.655533e-02
5.305305e-02 1.010217e-16 4.625964e-02 4.625964e-02
5.405405e-02 1.015342e-16 4.596226e-02 4.596226e-02
5.505506e-02 1.019851e-16 4.566352e-02 4.566352e-02
5.605606e-02 1.023745e-16 4.536346e-02 4.536346e-02
5.705706e-02 1.027028e-16 4.506209e-02 4.506209e-02
5.805806e-02 1.029703e-16 4.475972e-02 4.475972e-02
5.905906e-02 1.031775e-16 4.445629e-02 4.445629e-02
6.006006e-02 1.033248e-16 4.415187e-02 4.415187e-02
6.106106e-02 1.034128e-16 4.384696e-02 4.384696e-02
6.206206e-02 1.034420e-16 4.354130e-02 4.354130e-02
6.306306e-02 1.034132e-16 4.323524e-02 4.323524e-02
6.406406e-02 1.033269e-16 4.292890e-02 4.292890e-02
6.506507e-02 1.031840e-16 4.262252e-02 4.262252e-02
6.606607e-02 1.029853e-16 4.231577e-02 4.231577e-02
6.706707e-02 1.027316e-16 4.200940e-02 4.200940e-02
6.806807e-02 1.024239e-16 4.170297e-02 4.170297e-02
6.906907e-02 1.020632e-16 4.139669e-02 4.139669e-02
7.007007e-02 1.016504e-16 4.109067e-02 4.109067e-02
7.107107e-02 1.011866e-16 4.078494e-02 4.078494e-02
7.207207e-02 1.006729e-16 4.047942e-02 4.047942e-02
7.307307e-02 1.001106e-16 4.017434e-02 4.017434e-02
7.407407e-02 9.950084e-17 3.986941e-02 3.986941e-02
7.507508e-02 9.884483e-17 3.956468e-02 3.956468e-02
7.607608e-02 9.814390e-17 3.926012e-02 3.926012e-02
7.707708e-02 9.739941e-17 3.895600e-02 3.895600e-02
7.807808e-02 9.661272e-17 3.865170e-02 3.865170e-02
7.907908e-02 9.578527e-17 3.834760e-02 3.834760e-02
8.008008e-02 9.491852e-17 3.804345e-02 3.804345e-02
8.108108e-02 9.401397e-17 3.773953e-02 3.773953e-02
8.208208e-02 9.307315e-17 3.743546e-02 3.743546e-02
8.308308e-02 9.209763e-17 3.713137e-02 3.713137e-02
8.408408e-02 9.108900e-17 3.682731e-02 3.682731e-02
8.508509e-02 9.004890e-17 3.652312e-02 3.652312e-02
8.608609e-02 8.897899e-17 3.621916e-02 3.621916e-02
8.708709e-02 8.788096e-17 3.591496e-02 3.591496e-02
8.808809e-02 8.675650e-17 3.561117e-02 3.561117e-02
8.908909e-02 8.560737e-17 3.530721e-02 3.530721e-02
9.009009e-02 8.443531e-17 3.500371e-02 3.500371e-02
9.109109e-02 8.324211e-17 3.470033e-02 3.470033e-02
9.209209e-02 8.202956e-17 3.439716e-02 3.439716e-02
9.309309e-02 8.079947e-17 3.409433e-02 3.409433e-02
9.409409e-02 7.955367e-17 3.379238e-02 3.379238e-02
9.509510e-02 7.829399e-17 3.349054e-02 3.349054e-02
9.609610e-02 7.702230e-17 3.318930e-02 3.318930e-02
9.709710e-02 7.574046e-17 3.288871e-02 3.288871e-02
9.809810e-02 7.445032e-17 3.258862e-02 3.258862e-02
9.909910e-02 7.315377e-17 3.228915e-02 3.228915e-02
1.001001e-01 7.185267e-17 3.199029e-02 3.199029e-02
1.011011e-01 7.054892e-17 3.169204e-02 3.169204e-02
1.021021e-01 6.924439e-17 3.139436e-02 3.139436e-02
1.031031e-01 6.794095e-17 3.109744e-02 3.109744e-02
1.041041e-01 6.664049e-17 3.080104e-02 3.080104e-02
1.051051e-01 6.534486e-17 3.050545e-02 3.050545e-02
1.061061e-01 6.405593e-17 3.021038e-02 3.021038e-02
1.071071e-01 6.277555e-17 2.991602e-02 2.991602e-02
1.081081e-01 6.150555e-17 2.962261e-02 2.962261e-02
1.091091e-01 6.024777e-17 2.932984e-02 2.932984e-02
1.101101e-01 5.900402e-17 2.903792e-02 2.903792e-02
1.111111e-01 5.777609e-17 2.874705e-02 2.874705e-02
1.121121e-01 5.656575e-17 2.845722e-02 2.845722e-02
1.131131e-01 5.537476e-17 2.816829e-02 2.816829e-02
1.141141e-01 5.420485e-17 2.788068e-02 2.788068e-02
1.151151e-01 5.305774e-17 2.759403e-02 2.759403e-02
1.161161e-01 5.193511e-17 2.730907e-02 2.730907e-02
1.171171e-01 5.083861e-17 2.702530e-02 2.702530e-02
1.181181e-01 4.976987e-17 2.674296e-02 2.674296e-02
1.191191e-01 4.873050e-17 2.646200e-02 2.646200e-02
1.201201e-01 4.772205e-17 2.618247e-02 2.618247e-02
1.211211e-01 4.674605e-17 2.590467e-02 2.590467e-02
1.221221e-01 4.580401e-17 2.562816e-02 2.562816e-02
1.231231e-01 4.489737e-17 2.535315e-02 2.535315e-02
1.241241e-01 4.402758e-17 2.507947e-02 2.507947e-02
1.251251e-01 4.319599e-17 2.480735e-02 2.480735e-02
1.261261e-01 4.240396e-17 2.453637e-02 2.453637e-02
1.271271e-01 4.165279e-17 2.426708e-02 2.426708e-02
1.281281e-01 4.094372e-17 2.399883e-02 2.399883e-02
1.291291e-01 4.027797e-17 2.373178e-02 2.373178e-02
1.301301e-01 3.965670e-17 2.346577e-02 2.346577e-02
1.311311e-01 3.908102e-17 2.320123e-02 2.320123e-02
1.321321e-01 3.855201e-17 2.293733e-02 2.293733e-02
1.331331e-01 3.807069e-17 2.267435e-02 2.267435e-02
1.341341e-01 3.763801e-17 2.241264e-02 2.241264e-02
1.351351e-01 3.725490e-17 2.215157e-02 2.215157e-02
1.361361e-01 3.692222e-17 2.189150e-02 2.189150e-02
1.371371e-01 3.664079e-17 2.163202e-02 2.163202e-02
1.381381e-01 3.641134e-17 2.137339e-02 2.137339e-02
1.391391e-01 3.623460e-17 2.111556e-02 2.111556e-02
1.401401e-01 3.611120e-17 2.085826e-02 2.085826e-02
1.411411e-01 3.604173e-17 2.060196e-02 2.060196e-02
1.421421e-01 3.602673e-17 2.034613e-02 2.034613e-02
1.431431e-01 3.606667e-17 2.009124e-02 2.009124e-02
1.441441e-01 3.616196e-17 1.983708e-02 1.983708e-02
1.451451e-01 3.631298e-17 1.958388e-02 1.958388e-02
1.461461e-01 3.652000e-17 1.933122e-02 1.933122e-02
1.471471e-01 3.678329e-17 1.907966e-02 1.907966e-02
1.481481e-01 3.710302e-17 1.882890e-02 1.882890e-02
1.491491e-01 3.747930e-17 1.857890e-02 1.857890e-02
1.501502e-01 3.791221e-17 1.833022e-02 1.833022e-02
1.511512e-01 3.840175e-17 1.808231e-02 1.808231e-02
1.521522e-01 3.894786e-17 1.783550e-02 1.783550e-02
1.531532e-01 3.955043e-17 1.759003e-02 1.759003e-02
1.541542e-01 4.020927e-17 1.734541e-02 1.734541e-02
1.551552e-01 4.092416e-17 1.710208e-02 1.710208e-02
1.561562e-01 4.169479e-17 1.685998e-02 1.685998e-02
1.571572e-01 4.252082e-17 1.661876e-02 1.661876e-02
1.581582e-01 4.340183e-17 1.637910e-02 1.637910e-02
1.591592e-01 4.433735e-17 1.614040e-02 1.614040e-02
1.601602e-01 4.532686e-17 1.590294e-02 1.590294e-02
1.611612e-01 4.636976e-17 1.566680e-02 1.566680e-02
1.621622e-01 4.746543e-17 1.543185e-02 1.543185e-02
1.631632e-01 4.861315e-17 1.519811e-02 1.519811e-02
1.641642e-01 4.981217e-17 1.496547e-02 1.496547e-02
1.651652e-01 5.106170e-17 1.473434e-02 1.473434e-02
1.661662e-01 5.236085e-17 1.450402e-02 1.450402e-02
1.671672e-01 5.370873e-17 1.427475e-02 1.427475e-02
1.681682e-01 5.510436e-17 1.404655e-02 1.404655e-02
1.691692e-01 5.654672e-17 1.381965e-02 1.381965e-02
1.701702e-01 5.803475e-17 1.359369e-02 1.359369e-02
1.711712e-01 5.956733e-17 1.336865e-02 1.336865e-02
1.721722e-01 6.114329e-17 1.314466e-02 1.314466e-02
1.731732e-01 6.276141e-17 1.292159e-02 1.292159e-02
1.741742e-01 6.442045e-17 1.269928e-02 1.269928e-02
1.751752e-01 6.611909e-17 1.247771e-02 1.247771e-02
1.761762e-01 6.785599e-17 1.225750e-02 1.225750e-02
1.771772e-01 6.962977e-17 1.203771e-02 1.203771e-02
1.781782e-01 7.143898e-17 1.181902e-02 1.181902e-02
1.791792e-01 7.328217e-17 1.160103e-02 1.160103e-02
1.801802e-01 7.515784e-17 1.138377e-02 1.138377e-02
1.811812e-01 7.706442e-17 1.116747e-02 1.116747e-02
1.821822e-01 7.900036e-17 1.095212e-02 1.095212e-02
1.831832e-01 8.096404e-17 1.073770e-02 1.073770e-02
1.841842e-01 8.295381e-17 1.052412e-02 1.052412e-02
1.851852e-01 8.496802e-17 1.031192e-02 1.031192e-02
1.861862e-01 8.700495e-17 1.010057e-02 1.010057e-02
1.871872e-01 8.906288e-17 9.890497e-03 9.890497e-03
1.881882e-01 9.114005e-17 9.681672e-03 9.681672e-03
1.891892e-01 9.323470e-17 9.474248e-03 9.474248e-03
1.901902e-01 9.534503e-17 9.268090e-03 9.268090e-03
1.911912e-01 9.746922e-17 9.063795e-03 9.063795e-03
1.921922e-01 9.960543e-17 8.860797e-03 8.860797e-03
1.931932e-01 1.017518e-16 8.659691e-03 8.659691e-03
1.941942e-01 1.039065e-16 8.460045e-03 8.460045e-03
1.951952e-01 1.060677e-16 8.262247e-03 8.262247e-03
1.961962e-01 1.082333e-16 8.066043e-03 8.066043e-03
1.971972e-01 1.104017e-16 7.871479e-03 7.871479e-03
1.981982e-01 1.125707e-16 7.678747e-03 7.678747e-03
1.991992e-01 1.147386e-16 7.487506e-03 7.487506e-03
2.002002e-01 1.169035e-16 7.297426e-03 7.297426e-03
2.012012e-01 1.190633e-16 7.108763e-03 7.108763e-03
2.022022e-01 1.212162e-16 6.921321e-03 6.921321e-03
2.032032e-01 1.233604e-16 6.734848e-03 6.734848e-03
2.042042e-01 1.254938e-16 6.549090e-03 6.549090e-03
2.052052e-01 1.276145e-16 6.364122e-03 6.364122e-03
2.062062e-01 1.297208e-16 6.179214e-03 6.179214e-03
2.072072e-01 1.318107e-16 5.995229e-03 5.995229e-03
2.082082e-01 1.338823e-16 5.811244e-03 5.811244e-03
2.092092e-01 1.359338e-16 5.627394e-03 5.627394e-03
2.102102e-01 1.379634e-16 5.443603e-03 5.443603e-03
2.112112e-01 1.399691e-16 5.260348e-03 5.260348e-03
2.122122e-01 1.419493e-16 5.077302e-03 5.077302e-03
2.132132e-01 1.439021e-16 4.894823e-03 4.894823e-03
2.142142e-01 1.458257e-16 4.712656e-03 4.712656e-03
2.152152e-01 1.477185e-16 4.531294e-03 4.531294e-03
2.162162e-01 1.495787e-16 4.350781e-03 4.350781e-03
2.172172e-01 1.514046e-16 4.171520e-03 4.171520e-03
2.182182e-01 1.531946e-16 3.993735e-03 3.993735e-03
2.192192e-01 1.549471e-16 3.817037e-03 3.817037e-03
2.202202e-01 1.566605e-16 3.641963e-03 3.641963e-03
2.212212e-01 1.583331e-16 3.468931e-03 3.468931e-03
2.222222e-01 1.599636e-16 3.297314e-03 3.297314e-03
2.232232e-01 1.615503e-16 3.127083e-03 3.127083e-03
2.242242e-01 1.630919e-16 2.958775e-03 2.958775e-03
2.252252e-01 1.645870e-16 2.791926e-03 2.791926e-03
2.262262e-01 1.660342e-16 2.626091e-03 2.626091e-03
2.272272e-01 1.674321e-16 2.461508e-03 2.461508e-03
2.282282e-01 1.687796e-16 2.297655e-03 2.297655e-03
2.292292e-01 1.700753e-16 2.134532e-03 2.134532e-03
2.302302e-01 1.713181e-16 1.971662e-03 1.971662e-03
2.312312e-01 1.725069e-16 1.809046e-03 1.809046e-03
2.322322e-01 1.736405e-16 1.646504e-03 1.646504e-03
2.332332e-01 1.747180e-16 1.484081e-03 1.484081e-03
2.342342e-01 1.757382e-16 1.321241e-03 1.321241e-03
2.352352e-01 1.767004e-16 1.158208e-03 1.158208e-03
2.362362e-01 1.776037e-16 9.952039e-04 9.952039e-04
2.372372e-01 1.784471e-16 8.318573e-04 8.318573e-04
2.382382e-01 1.792299e-16 6.687045e-04 6.687045e-04
2.392392e-01 1.799515e-16 5.057156e-04 5.057156e-04
2.402402e-01 1.806111e-16 3.431737e-04 3.431737e-04
2.412412e-01 1.812081e-16 1.811981e-04 1.811981e-04
2.422422e-01 1.817420e-16 1.980364e-05 1.980364e-05
2.432432e-01 1.822123e-16 -1.405776e-04 1.405776e-04
2.442442e-01 1.826186e-16 -2.998412e-04 2.998412e-04
2.452452e-01 1.829605e-16 -4.580915e-04 4.580915e-04
2.462462e-01 1.832377e-16 -6.146878e-04 6.146878e-04
2.472472e-01 1.834499e-16 -7.699579e-04 7.699579e-04
2.482482e-01 1.835969e-16 -9.236634e-04 9.236634e-04
2.492492e-01 1.836786e-16 -1.075938e-03 1.075938e-03
2.502503e-01 1.836950e-16 -1.226649e-03 1.226649e-03
2.512513e-01 1.836459e-16 -1.376182e-03 1.376182e-03
2.522523e-01 1.835315e-16 -1.524225e-03 1.524225e-03
2.532533e-01 1.833519e-16 -1.671270e-03 1.671270e-03
2.542543e-01 1.831072e-16 -1.817226e-03 1.817226e-03
2.552553e-01 1.827976e-16 -1.962543e-03 1.962543e-03
2.562563e-01 1.824235e-16 -2.107069e-03 2.107069e-03
2.572573e-01 1.819851e-16 -2.251431e-03 2.251431e-03
2.582583e-01 1.814830e-16 -2.395496e-03 2.395496e-03
2.592593e-01 1.809174e-16 -2.539262e-03 2.539262e-03
2.602603e-01 1.802890e-16 -2.683073e-03 2.683073e-03
2.612613e-01 1.795984e-16 -2.827227e-03 2.827227e-03
2.622623e-01 1.788461e-16 -2.971530e-03 2.971530e-03
2.632633e-01 1.780329e-16 -3.115937e-03 3.115937e-03
2.642643e-01 1.771595e-16 -3.260687e-03 3.260687e-03
2.652653e-01 1.762267e-16 -3.405407e-03 3.405407e-03
2.662663e-01 1.752353e-16 -3.550529e-03 3.550529e-03
2.672673e-01 1.741863e-16 -3.695533e-03 3.695533e-03
2.682683e-01 1.730806e-16 -3.840432e-03 3.840432e-03
2.692693e-01 1.719193e-16 -3.985286e-03 3.985286e-03
2.702703e-01 1.707034e-16 -4.129544e-03 4.129544e-03
2.712713e-01 1.694340e-16 -4.273385e-03 4.273385e-03
2.722723e-01 1.681122e-16 -4.416838e-03 4.416838e-03
2.732733e-01 1.667394e-16 -4.559278e-03 4.559278e-03
2.742743e-01 1.653167e-16 -4.700989e-03 4.700989e-03
2.752753e-01 1.638454e-16 -4.841715e-03 4.841715e-03
2.762763e-01 1.623268e-16 -4.981399e-03 4.981399e-03
2.772773e-01 1.607625e-16 -5.120233e-03 5.120233e-03
2.782783e-01 1.591537e-16 -5.257741e-03 5.257741e-03
2.792793e-01 1.575020e-16 -5.394220e-03 5.394220e-03
2.802803e-01 1.558088e-16 -5.529583e-03 5.529583e-03
2.812813e-01 1.540757e-16 -5.664200e-03 5.664200e-03
2.822823e-01 1.523042e-16 -5.797759e-03 5.797759e-03
2.832833e-01 1.504960e-16 -5.930275e-03 5.930275e-03
2.842843e-01 1.486528e-16 -6.062314e-03 6.062314e-03
2.852853e-01 1.467761e-16 -6.193399e-03 6.193399e-03
2.862863e-01 1.448676e-16 -6.324232e-03 6.324232e-03
2.872873e-01 1.429292e-16 -6.454617e-03 6.454617e-03
2.882883e-01 1.409625e-16 -6.584346e-03 6.584346e-03
2.892893e-01 1.389693e-16 -6.714016e-03 6.714016e-03
2.902903e-01 1.369514e-16 -6.843388e-03 6.843388e-03
2.912913e-01 1.349107e-16 -6.972611e-03 6.972611e-03
2.922923e-01 1.328489e-16 -7.102042e-03 7.102042e-03
2.932933e-01 1.307679e-16 -7.231027e-03 7.231027e-03
2.942943e-01 1.286696e-16 -7.360294e-03 7.360294e-03
2.952953e-01 1.265559e-16 -7.489413e-03 7.489413e-03
2.962963e-01 1.244285e-16 -7.618636e-03 7.618636e-03
2.972973e-01 1.222895e-16 -7.747829e-03 7.747829e-03
2.982983e-01 1.201407e-16 -7.876858e-03 7.876858e-03
2.992993e-01 1.179841e-16 -8.005902e-03 8.005902e-03
3.003003e-01 1.158215e-16 -8.134857e-03 8.134857e-03
3.013013e-01 1.136549e-16 -8.263573e-03 8.263573e-03
3.023023e-01 1.114862e-16 -8.391961e-03 8.391961e-03
3.033033e-01 1.093173e-16 -8.520082e-03 8.520082e-03
3.043043e-01 1.071500e-16 -8.647859e-03 8.647859e-03
3.053053e-01 1.049864e-16 -8.775428e-03 8.775428e-03
3.063063e-01 1.028282e-16 -8.902371e-03 8.902371e-03
3.073073e-01 1.006775e-16 -9.028897e-03 9.028897e-03
3.083083e-01 9.853594e-17 -9.154752e-03 9.154752e-03
3.093093e-01 9.640551e-17 -9.280205e-03 9.280205e-03
3.103103e-01 9.428802e-17 -9.404883e-03 9.404883e-03
3.113113e-01 9.218531e-17 -9.529188e-03 9.529188e-03
3.123123e-01 9.009917e-17 -9.652570e-03 9.652570e-03
3.133133e-01 8.803140e-17 -9.775490e-03 9.775490e-03
3.143143e-01 8.598375e-17 -9.897828e-03 9.897828e-03
3.153153e-01 8.395797e-17 -1.001956e-02 1.001956e-02
3.163163e-01 8.195577e-17 -1.014027e-02 1.014027e-02
3.173173e-01 7.997883e-17 -1.026076e-02 1.026076e-02
3.183183e-01 7.802882e-17 -1.038049e-02 1.038049e-02
3.193193e-01 7.610736e-17 -1.049982e-02 1.049982e-02
3.203203e-01 7.421604e-17 -1.061843e-02 1.061843e-02
3.213213e-01 7.235643e-17 -1.073669e-02 1.073669e-02
3.223223e-01 7.053003e-17 -1.085459e-02 1.085459e-02
3.233233e-01 6.873836e-17 -1.097187e-02 1.097187e-02
3.243243e-01 6.698284e-17 -1.108894e-02 1.108894e-02
3.253253e-01 6.526490e-17 -1.120561e-02 1.120561e-02
3.263263e-01 6.358590e-17 -1.132177e-02 1.132177e-02
3.273273e-01 6.194715e-17 -1.143786e-02 1.143786e-02
3.283283e-01 6.034996e-17 -1.155362e-02 1.155362e-02
3.293293e-01 5.879554e-17 -1.166900e-02 1.166900e-02
3.303303e-01 5.728510e-17 -1.178394e-02 1.178394e-02
3.313313e-01 5.581977e-17 -1.189907e-02 1.189907e-02
3.323323e-01 5.440064e-17 -1.201352e-02 1.201352e-02
3.333333e-01 5.302876e-17 -1.212770e-02 1.212770e-02
3.343343e-01 5.170513e-17 -1.224144e-02 1.224144e-02
3.353353e-01 5.043068e-17 -1.235467e-02 1.235467e-02
3.363363e-01 4.920630e-17 -1.246780e-02 1.246780e-02
3.373373e-01 4.803283e-17 -1.258016e-02 1.258016e-02
3.383383e-01 4.691104e-17 -1.269209e-02 1.269209e-02
3.393393e-01 4.584168e-17 -1.280332e-02 1.280332e-02
3.403403e-01 4.482539e-17 -1.291390e-02 1.291390e-02
3.413413e-01 4.386281e-17 -1.302379e-02 1.302379e-02
3.423423e-01 4.295448e-17 -1.313284e-02 1.313284e-02
3.433433e-01 4.210090e-17 -1.324110e-02 1.324110e-02
3.443443e-01 4.130252e-17 -1.334848e-02 1.334848e-02
3.453453e-01 4.055972e-17 -1.345482e-02 1.345482e-02
3.463463e-01 3.987283e-17 -1.356035e-02 1.356035e-02
3.473473e-01 3.924210e-17 -1.366508e-02 1.366508e-02
3.483483e-01 3.866774e-17 -1.376870e-02 1.376870e-02
3.493493e-01 3.814991e-17 -1.387152e-02 1.387152e-02
3.503504e-01 3.768868e-17 -1.397333e-02 1.397333e-02
3.513514e-01 3.728408e-17 -1.407447e-02 1.407447e-02
3.523524e-01 3.693609e-17 -1.417466e-02 1.417466e-02
3.533534e-01 3.664460e-17 -1.427409e-02 1.427409e-02
3.543544e-01 3.640947e-17 -1.437292e-02 1.437292e-02
3.553554e-01 3.623048e-17 -1.447089e-02 1.447089e-02
3.563564e-01 3.610737e-17 -1.456814e-02 1.456814e-02
3.573574e-01 3.603980e-17 -1.466458e-02 1.466458e-02
3.583584e-01 3.602739e-17 -1.476064e-02 1.476064e-02
3.593594e-01 3.606969e-17 -1.485598e-02 1.485598e-02
3.603604e-01 3.616619e-17 -1.495048e-02 1.495048e-02
3.613614e-01 3.631634e-17 -1.504444e-02 1.504444e-02
3.623624e-01 3.651952e-17 -1.513743e-02 1.513743e-02
3.633634e-01 3.677505e-17 -1.522994e-02 1.522994e-02
3.643644e-01 3.708221e-17 -1.532155e-02 1.532155e-02
3.653654e-01 3.744021e-17 -1.541214e-02 1.541214e-02
3.663664e-01 3.784821e-17 -1.550189e-02 1.550189e-02
3.673674e-01 3.830533e-17 -1.559074e-02 1.559074e-02
3.683684e-01 3.881062e-17 -1.567866e-02 1.567866e-02
3.693694e-01 3.936309e-17 -1.576532e-02 1.576532e-02
3.703704e-01 3.996170e-17 -1.585105e-02 1.585105e-02
3.713714e-01 4.060535e-17 -1.593572e-02 1.593572e-02
3.723724e-01 4.129291e-17 -1.601911e-02 1.601911e-02
3.733734e-01 4.202319e-17 -1.610136e-02 1.610136e-02
3.743744e-01 4.279495e-17 -1.618271e-02 1.618271e-02
3.753754e-01 4.360692e-17 -1.626271e-02 1.626271e-02
3.763764e-01 4.445778e-17 -1.634187e-02 1.634187e-02
3.773774e-01 4.534617e-17 -1.641989e-02 1.641989e-02
3.783784e-01 4.627069e-17 -1.649687e-02 1.649687e-02
3.793794e-01 4.722990e-17 -1.657292e-02 1.657292e-02
3.803804e-01 4.822231e-17 -1.664814e-02 1.664814e-02
3.813814e-01 4.924642e-17 -1.672214e-02 1.672214e-02
3.823824e-01 5.030067e-17 -1.679575e-02 1.679575e-02
3.833834e-01 5.138349e-17 -1.686855e-02 1.686855e-02
3.843844e-01 5.249326e-17 -1.694052e-02 1.694052e-02
3.853854e-01 5.362834e-17 -1.701194e-02 1.701194e-02
3.863864e-01 5.478706e-17 -1.708257e-02 1.708257e-02
3.873874e-01 5.596772e-17 -1.715277e-02 1.715277e-02
3.883884e-01 5.716861e-17 -1.722211e-02 1.722211e-02
3.893894e-01 5.838796e-17 -1.729101e-02 1.729101e-02
3.903904e-01 5.962403e-17 -1.735929e-02 1.735929e-02
3.913914e-01 6.087502e-17 -1.742689e-02 1.742689e-02
3.923924e-01 6.213914e-17 -1.749407e-02 1.749407e-02
3.933934e-01 6.341456e-17 -1.756033e-02 1.756033e-02
3.943944e-01 6.469944e-17 -1.762603e-02 1.762603e-02
3.953954e-01 6.599195e-17 -1.769091e-02 1.769091e-02
3.963964e-01 6.729023e-17 -1.775494e-02 1.775494e-02
3.973974e-01 6.859242e-17 -1.781827e-02 1.781827e-02
3.983984e-01 6.989663e-17 -1.788056e-02 1.788056e-02
3.993994e-01 7.120101e-17 -1.794195e-02 1.794195e-02
4.004004e-01 7.250367e-17 -1.800239e-02 1.800239e-02
4.014014e-01 7.380273e-17 -1.806182e-02 1.806182e-02
4.024024e-01 7.509631e-17 -1.812035e-02 1.812035e-02
4.034034e-01 7.638253e-17 -1.817787e-02 1.817787e-02
4.044044e-01 7.765954e-17 -1.823421e-02 1.823421e-02
4.054054e-01 7.892545e-17 -1.828955e-02 1.828955e-02
4.064064e-01 8.017842e-17 -1.834388e-02 1.834388e-02
4.074074e-01 8.141659e-17 -1.839738e-02 1.839738e-02
4.084084e-01 8.263814e-17 -1.844998e-02 1.844998e-02
4.094094e-01 8.384124e-17 -1.850161e-02 1.850161e-02
4.104104e-01 8.502410e-17 -1.855251e-02 1.855251e-02
4.114114e-01 8.618491e-17 -1.860258e-02 1.860258e-02
4.124124e-01 8.732192e-17 -1.865220e-02 1.865220e-02
4.134134e-01 8.843338e-17 -1.870117e-02 1.870117e-02
4.144144e-01 8.951757e-17 -1.874948e-02 1.874948e-02
4.154154e-01 9.057278e-17 -1.879752e-02 1.879752e-02
4.164164e-01 9.159735e-17 -1.884510e-02 1.884510e-02
4.174174e-01 9.258963e-17 -1.889238e-02 1.889238e-02
4.184184e-01 9.354800e-17 -1.893941e-02 1.893941e-02
4.194194e-01 9.447088e-17 -1.898630e-02 1.898630e-02
4.204204e-01 9.535672e-17 -1.903304e-02 1.903304e-02
4.214214e-01 9.620400e-17 -1.907957e-02 1.907957e-02
4.224224e-01 9.701125e-17 -1.912585e-02 1.912585e-02
4.234234e-01 9.777702e-17 -1.917206e-02 1.917206e-02
4.244244e-01 9.849990e-17 -1.921816e-02 1.921816e-02
4.254254e-01 9.917853e-17 -1.926392e-02 1.926392e-02
4.264264e-01 9.981159e-17 -1.930957e-02 1.930957e-02
4.274274e-01 1.003978e-16 -1.935515e-02 1.935515e-02
4.284284e-01 1.009359e-16 -1.940006e-02 1.940006e-02
4.294294e-01 1.014248e-16 -1.944505e-02 1.944505e-02
4.304304e-01 1.018632e-16 -1.948947e-02 1.948947e-02
4.314314e-01 1.022501e-16 -1.953357e-02 1.953357e-02
4.324324e-01 1.025845e-16 -1.957741e-02 1.957741e-02
4.334334e-01 1.028653e-16 -1.962063e-02 1.962063e-02
4.344344e-01 1.030916e-16 -1.966363e-02 1.966363e-02
4.354354e-01 1.032625e-16 -1.970600e-02 1.970600e-02
4.364364e-01 1.033772e-16 -1.974800e-02 1.974800e-02
4.374374e-01 1.034348e-16 -1.978971e-02 1.978971e-02
4.384384e-01 1.034347e-16 -1.983099e-02 1.983099e-02
4.394394e-01 1.033762e-16 -1.987198e-02 1.987198e-02
4.404404e-01 1.032586e-16 -1.991275e-02 1.991275e-02
4.414414e-01 1.030814e-16 -1.995315e-02 1.995315e-02
4.424424e-01 1.028442e-16 -1.999344e-02 1.999344e-02
4.434434e-01 1.025463e-16 -2.003361e-02 2.003361e-02
4.444444e-01 1.021875e-16 -2.007365e-02 2.007365e-02
4.454454e-01 1.017674e-16 -2.011386e-02 2.011386e-02
4.464464e-01 1.012857e-16 -2.015406e-02 2.015406e-02
4.474474e-01 1.007423e-16 -2.019437e-02 2.019437e-02
4.484484e-01 1.001369e-16 -2.023491e-02 2.023491e-02
4.494494e-01 9.946952e-17 -2.027538e-02 2.027538e-02
4.504505e-01 9.874008e-17 -2.031639e-02 2.031639e-02
4.514515e-01 9.794862e-17 -2.035746e-02 2.035746e-02
4.524525e-01 9.709521e-17 -2.039874e-02 2.039874e-02
4.534535e-01 9.618001e-17 -2.044040e-02 2.044040e-02
4.544545e-01 9.520322e-17 -2.048203e-02 2.048203e-02
4.554555e-01 9.416510e-17 -2.052408e-02 2.052408e-02
4.564565e-01 9.306598e-17 -2.056614e-02 2.056614e-02
4.574575e-01 9.190624e-17 -2.060837e-02 2.060837e-02
4.584585e-01 9.068633e-17 -2.065040e-02 2.065040e-02
4.594595e-01 8.940674e-17 -2.069259e-02 2.069259e-02
4.604605e-01 8.806804e-17 -2.073449e-02 2.073449e-02
4.614615e-01 8.667083e-17 -2.077632e-02 2.077632e-02
4.624625e-01 8.521580e-17 -2.081780e-02 2.081780e-02
4.634635e-01 8.370366e-17 -2.085912e-02 2.085912e-02
4.644645e-01 8.213521e-17 -2.090004e-02 2.090004e-02
4.654655e-01 8.051128e-17 -2.094063e-02 2.094063e-02
4.664665e-01 7.883277e-17 -2.098069e-02 2.098069e-02
4.674675e-01 7.710062e-17 -2.102034e-02 2.102034e-02
4.684685e-01 7.531582e-17 -2.105950e-02 2.105950e-02
4.694695e-01 7.347943e-17 -2.109826e-02 2.109826e-02
4.704705e-01 7.159254e-17 -2.113637e-02 2.113637e-02
4.714715e-01 6.965631e-17 -2.117434e-02 2.117434e-02
4.724725e-01 6.767192e-17 -2.121182e-02 2.121182e-02
4.734735e-01 6.564062e-17 -2.124882e-02 2.124882e-02
4.744745e-01 6.356370e-17 -2.128562e-02 2.128562e-02
4.754755e-01 6.144249e-17 -2.132216e-02 2.132216e-02
4.764765e-01 5.927836e-17 -2.135840e-02 2.135840e-02
4.774775e-01 5.707274e-17 -2.139445e-02 2.139445e-02
4.784785e-01 5.482708e-17 -2.143040e-02 2.143040e-02
4.794795e-01 5.254287e-17 -2.146591e-02 2.146591e-02
4.804805e-01 5.022166e-17 -2.150148e-02 2.150148e-02
4.814815e-01 4.786500e-17 -2.153686e-02 2.153686e-02
4.824825e-01 4.547451e-17 -2.157208e-02 2.157208e-02
4.834835e-01 4.305182e-17 -2.160732e-02 2.160732e-02
4.844845e-01 4.059861e-17 -2.164224e-02 2.164224e-02
4.854855e-01 3.811656e-17 -2.167690e-02 2.167690e-02
4.864865e-01 3.560741e-17 -2.171136e-02 2.171136e-02
4.874875e-01 3.307290e-17 -2.174561e-02 2.174561e-02
4.884885e-01 3.051483e-17 -2.177939e-02 2.177939e-02
4.894895e-01 2.793498e-17 -2.181278e-02 2.181278e-02
4.904905e-01 2.533517e-17 -2.184591e-02 2.184591e-02
4.914915e-01 2.271726e-17 -2.187838e-02 2.187838e-02
4.924925e-01 2.008310e-17 -2.191031e-02 2.191031e-02
4.934935e-01 1.743455e-17 -2.194172e-02 2.194172e-02
4.944945e-01 1.477352e-17 -2.197240e-02 2.197240e-02
4.954955e-01 1.210190e-17 -2.200249e-02 2.200249e-02
4.964965e-01 9.421605e-18 -2.203184e-02 2.203184e-02
4.974975e-01 6.734550e-18 -2.206051e-02 2.206051e-02
4.984985e-01 4.042664e-18 -2.208823e-02 2.208823e-02
4.994995e-01 1.347877e-18 -2.211520e-02 2.211520e-02
5.005005e-01 -1.347877e-18 -2.214129e-02 2.214129e-02
5.015015e-01 -4.042664e-18 -2.216677e-02 2.216677e-02
5.025025e-01 -6.734550e-18 -2.219111e-02 2.219111e-02
5.035035e-01 -9.421605e-18 -2.221493e-02 2.221493e-02
5.045045e-01 -1.210190e-17 -2.223776e-02 2.223776e-02
5.055055e-01 -1.477352e-17 -2.225980e-02 2.225980e-02
5.065065e-01 -1.743455e-17 -2.228121e-02 2.228121e-02
5.075075e-01 -2.008310e-17 -2.230166e-02 2.230166e-02
5.085085e-01 -2.271726e-17 -2.232137e-02 2.232137e-02
5.095095e-01 -2.533517e-17 -2.234024e-02 2.234024e-02
5.105105e-01 -2.793498e-17 -2.235875e-02 2.235875e-02
5.115115e-01 -3.051483e-17 -2.237655e-02 2.237655e-02
5.125125e-01 -3.307290e-17 -2.239348e-02 2.239348e-02
5.135135e-01 -3.560741e-17 -2.241008e-02 2.241008e-02
5.145145e-01 -3.811656e-17 -2.242610e-02 2.242610e-02
5.155155e-01 -4.059861e-17 -2.244172e-02 2.244172e-02
5.165165e-01 -4.305182e-17 -2.245687e-02 2.245687e-02
5.175175e-01 -4.547451e-17 -2.247182e-02 2.247182e-02
5.185185e-01 -4.786500e-17 -2.248633e-02 2.248633e-02
5.195195e-01 -5.022166e-17 -2.250062e-02 2.250062e-02
5.205205e-01 -5.254287e-17 -2.251452e-02 2.251452e-02
5.215215e-01 -5.482708e-17 -2.252826e-02 2.252826e-02
5.225225e-01 -5.707274e-17 -2.254179e-02 2.254179e-02
5.235235e-01 -5.927836e-17 -2.255516e-02 2.255516e-02
5.245245e-01 -6.144249e-17 -2.256815e-02 2.256815e-02
5.255255e-01 -6.356370e-17 -2.258104e-02 2.258104e-02
5.265265e-01 -6.564062e-17 -2.259392e-02 2.259392e-02
5.275275e-01 -6.767192e-17 -2.260628e-02 2.260628e-02
5.285285e-01 -6.965631e-17 -2.261859e-02 2.261859e-02
5.295295e-01 -7.159254e-17 -2.263036e-02 2.263036e-02
5.305305e-01 -7.347943e-17 -2.264199e-02 2.264199e-02
5.315315e-01 -7.531582e-17 -2.265328e-02 2.265328e-02
5.325325e-01 -7.710062e-17 -2.266428e-02 2.266428e-02
5.335335e-01 -7.883277e-17 -2.267480e-02 2.267480e-02
5.345345e-01 -8.051128e-17 -2.268513e-02 2.268513e-02
5.355355e-01 -8.213521e-17 -2.269505e-02 2.269505e-02
5.365365e-01 -8.370366e-17 -2.270466e-02 2.270466e-02
5.375375e-01 -8.521580e-17 -2.271391e-02 2.271391e-02
5.385385e-01 -8.667083e-17 -2.272277e-02 2.272277e-02
5.395395e-01 -8.806804e-17 -2.273154e-02 2.273154e-02
5.405405e-01 -8.940674e-17 -2.273980e-02 2.273980e-02
5.415415e-01 -9.068633e-17 -2.274781e-02 2.274781e-02
5.425425e-01 -9.190624e-17 -2.275571e-02 2.275571e-02
5.435435e-01 -9.306598e-17 -2.276313e-02 2.276313e-02
5.445445e-01 -9.416510e-17 -2.277046e-02 2.277046e-02
5.455455e-01 -9.520322e-17 -2.277726e-02 2.277726e-02
5.465465e-01 -9.618001e-17 -2.278376e-02 2.278376e-02
5.475475e-01 -9.709521e-17 -2.279016e-02 2.279016e-02
5.485485e-01 -9.794862e-17 -2.279596e-02 2.279596e-02
5.495495e-01 -9.874008e-17 -2.280149e-02 2.280149e-02
5.505506e-01 -9.946952e-17 -2.280641e-02 2.280641e-02
5.515516e-01 -1.001369e-16 -2.281094e-02 2.281094e-02
5.525526e-01 -1.007423e-16 -2.281478e-02 2.281478e-02
5.535536e-01 -1.012857e-16 -2.281816e-02 2.281816e-02
5.545546e-01 -1.017674e-16 -2.282080e-02 2.282080e-02
5.555556e-01 -1.021875e-16 -2.282257e-02 2.282257e-02
5.565566e-01 -1.025463e-16 -2.282387e-02 2.282387e-02
5.575576e-01 -1.028442e-16 -2.282405e-02 2.282405e-02
5.585586e-01 -1.030814e-16 -2.282348e-02 2.282348e-02
5.595596e-01 -1.032586e-16 -2.282222e-02 2.282222e-02
5.605606e-01 -1.033762e-16 -2.282014e-02 2.282014e-02
5.615616e-01 -1.034347e-16 -2.281700e-02 2.281700e-02
5.625626e-01 -1.034348e-16 -2.281314e-02 2.281314e-02
5.635636e-01 -1.033772e-16 -2.280852e-02 2.280852e-02
5.645646e-01 -1.032625e-16 -2.280322e-02 2.280322e-02
5.655656e-01 -1.030916e-16 -2.279723e-02 2.279723e-02
5.665666e-01 -1.028653e-16 -2.279057e-02 2.279057e-02
5.675676e-01 -1.025845e-16 -2.278331e-02 2.278331e-02
5.685686e-01 -1.022501e-16 -2.277523e-02 2.277523e-02
5.695696e-01 -1.018632e-16 -2.276695e-02 2.276695e-02
5.705706e-01 -1.014248e-16 -2.275793e-02 2.275793e-02
5.715716e-01 -1.009359e-16 -2.274854e-02 2.274854e-02
5.725726e-01 -1.003978e-16 -2.273877e-02 2.273877e-02
5.735736e-01 -9.981159e-17 -2.272820e-02 2.272820e-02
5.745746e-01 -9.917853e-17 -2.271757e-02 2.271757e-02
5.755756e-01 -9.849990e-17 -2.270639e-02 2.270639e-02
5.765766e-01 -9.777702e-17 -2.269462e-02 2.269462e-02
5.775776e-01 -9.701125e-17 -2.268209e-02 2.268209e-02
5.785786e-01 -9.620400e-17 -2.266939e-02 2.266939e-02
5.795796e-01 -9.535672e-17 -2.265581e-02 2.265581e-02
5.805806e-01 -9.447088e-17 -2.264145e-02 2.264145e-02
5.815816e-01 -9.354800e-17 -2.262625e-02 2.262625e-02
5.825826e-01 -9.258963e-17 -2.261041e-02 2.261041e-02
5.835836e-01 -9.159735e-17 -2.259374e-02 2.259374e-02
5.845846e-01 -9.057278e-17 -2.257596e-02 2.257596e-02
5.855856e-01 -8.951757e-17 -2.255762e-02 2.255762e-02
5.865866e-01 -8.843338e-17 -2.253798e-02 2.253798e-02
5.875876e-01 -8.732192e-17 -2.251765e-02 2.251765e-02
5.885886e-01 -8.618491e-17 -2.249631e-02 2.249631e-02
5.895896e-01 -8.502410e-17 -2.247393e-02 2.247393e-02
5.905906e-01 -8.384124e-17 -2.245095e-02 2.245095e-02
5.915916e-01 -8.263814e-17 -2.242689e-02 2.242689e-02
5.925926e-01 -8.141659e-17 -2.240221e-02 2.240221e-02
5.935936e-01 -8.017842e-17 -2.237655e-02 2.237655e-02
5.945946e-01 -7.892545e-17 -2.235079e-02 2.235079e-02
5.955956e-01 -7.765954e-17 -2.232420e-02 2.232420e-02
5.965966e-01 -7.638253e-17 -2.229734e-02 2.229734e-02
5.975976e-01 -7.509631e-17 -2.226987e-02 2.226987e-02
5.985986e-01 -7.380273e-17 -2.224198e-02 2.224198e-02
5.995996e-01 -7.250367e-17 -2.221400e-02 2.221400e-02
6.006006e-01 -7.120101e-17 -2.218577e-02 2.218577e-02
6.016016e-01 -6.989663e-17 -2.215710e-02 2.215710e-02
6.026026e-01 -6.859242e-17 -2.212858e-02 2.212858e-02
6.036036e-01 -6.729023e-17 -2.209987e-02 2.209987e-02
6.046046e-01 -6.599195e-17 -2.207078e-02 2.207078e-02
6.056056e-01 -6.469944e-17 -2.204169e-02 2.204169e-02
6.066066e-01 -6.341456e-17 -2.201247e-02 2.201247e-02
6.076076e-01 -6.213914e-17 -2.198315e-02 2.198315e-02
6.086086e-01 -6.087502e-17 -2.195340e-02 2.195340e-02
6.096096e-01 -5.962403e-17 -2.192356e-02 2.192356e-02
6.106106e-01 -5.838796e-17 -2.189356e-02 2.189356e-02
6.116116e-01 -5.716861e-17 -2.186322e-02 2.186322e-02
6.126126e-01 -5.596772e-17 -2.183248e-02 2.183248e-02
6.136136e-01 -5.478706e-17 -2.180144e-02 2.180144e-02
6.146146e-01 -5.362834e-17 -2.177019e-02 2.177019e-02
6.156156e-01 -5.249326e-17 -2.173847e-02 2.173847e-02
6.166166e-01 -5.138349e-17 -2.170640e-02 2.170640e-02
6.176176e-01 -5.030067e-17 -2.167374e-02 2.167374e-02
6.186186e-01 -4.924642e-17 -2.164096e-02 2.164096e-02
6.196196e-01 -4.822231e-17 -2.160770e-02 2.160770e-02
6.206206e-01 -4.722990e-17 -2.157414e-02 2.157414e-02
6.216216e-01 -4.627069e-17 -2.154040e-02 2.154040e-02
6.226226e-01 -4.534617e-17 -2.150622e-02 2.150622e-02
6.236236e-01 -4.445778e-17 -2.147166e-02 2.147166e-02
6.246246e-01 -4.360692e-17 -2.143694e-02 2.143694e-02
6.256256e-01 -4.279495e-17 -2.140222e-02 2.140222e-02
6.266266e-01 -4.202319e-17 -2.136713e-02 2.136713e-02
6.276276e-01 -4.129291e-17 -2.133204e-02 2.133204e-02
6.286286e-01 -4.060535e-17 -2.129674e-02 2.129674e-02
6.296296e-01 -3.996170e-17 -2.126160e-02 2.126160e-02
6.306306e-01 -3.936309e-17 -2.122630e-02 2.122630e-02
6.316316e-01 -3.881062e-17 -2.119102e-02 2.119102e-02
6.326326e-01 -3.830533e-17 -2.115576e-02 2.115576e-02
6.336336e-01 -3.784821e-17 -2.112076e-02 2.112076e-02
6.346346e-01 -3.744021e-17 -2.108592e-02 2.108592e-02
6.356356e-01 -3.708221e-17 -2.105096e-02 2.105096e-02
6.366366e-01 -3.677505e-17 -2.101621e-02 2.101621e-02
6.376376e-01 -3.651952e-17 -2.098152e-02 2.098152e-02
6.386386e-01 -3.631634e-17 -2.094704e-02 2.094704e-02
6.396396e-01 -3.616619e-17 -2.091286e-02 2.091286e-02
6.406406e-01 -3.606969e-17 -2.087867e-02 2.087867e-02
6.416416e-01 -3.602739e-17 -2.084444e-02 2.084444e-02
6.426426e-01 -3.603980e-17 -2.081072e-02 2.081072e-02
6.436436e-01 -3.610737e-17 -2.077688e-02 2.077688e-02
6.446446e-01 -3.623048e-17 -2.074318e-02 2.074318e-02
6.456456e-01 -3.640947e-17 -2.070944e-02 2.070944e-02
6.466466e-01 -3.664460e-17 -2.067603e-02 2.067603e-02
6.476476e-01 -3.693609e-17 -2.064252e-02 2.064252e-02
6.486486e-01 -3.728408e-17 -2.060904e-02 2.060904e-02
6.496496e-01 -3.768868e-17 -2.057563e-02 2.057563e-02
6.506507e-01 -3.814991e-17 -2.054231e-02 2.054231e-02
6.516517e-01 -3.866774e-17 -2.050887e-02 2.050887e-02
6.526527e-01 -3.924210e-17 -2.047566e-02 2.047566e-02
6.536537e-01 -3.987283e-17 -2.044217e-02 2.044217e-02
6.546547e-01 -4.055972e-17 -2.040884e-02 2.040884e-02
6.556557e-01 -4.130252e-17 -2.037576e-02 2.037576e-02
6.566567e-01 -4.210090e-17 -2.034262e-02 2.034262e-02
6.576577e-01 -4.295448e-17 -2.030925e-02 2.030925e-02
6.586587e-01 -4.386281e-17 -2.027617e-02 2.027617e-02
6.596597e-01 -4.482539e-17 -2.024312e-02 2.024312e-02
6.606607e-01 -4.584168e-17 -2.021012e-02 2.021012e-02
6.616617e-01 -4.691104e-17 -2.017733e-02 2.017733e-02
6.626627e-01 -4.803283e-17 -2.014458e-02 2.014458e-02
6.636637e-01 -4.920630e-17 -2.011177e-02 2.011177e-02
6.646647e-01 -5.043068e-17 -2.007923e-02 2.007923e-02
6.656657e-01 -5.170513e-17 -2.004676e-02 2.004676e-02
6.666667e-01 -5.302876e-17 -2.001461e-02 2.001461e-02
6.676677e-01 -5.440064e-17 -1.998223e-02 1.998223e-02
6.686687e-01 -5.581977e-17 -1.995030e-02 1.995030e-02
6.696697e-01 -5.728510e-17 -1.991826e-02 1.991826e-02
6.706707e-01 -5.879554e-17 -1.988617e-02 1.988617e-02
6.716717e-01 -6.034996e-17 -1.985456e-02 1.985456e-02
6.726727e-01 -6.194715e-17 -1.982281e-02 1.982281e-02
6.736737e-01 -6.358590e-17 -1.979074e-02 1.979074e-02
6.746747e-01 -6.526490e-17 -1.975903e-02 1.975903e-02
6.756757e-01 -6.698284e-17 -1.972714e-02 1.972714e-02
6.766767e-01 -6.873836e-17 -1.969489e-02 1.969489e-02
6.776777e-01 -7.053003e-17 -1.966259e-02 1.966259e-02
6.786787e-01 -7.235643e-17 -1.963006e-02 1.963006e-02
6.796797e-01 -7.421604e-17 -1.959723e-02 1.959723e-02
6.806807e-01 -7.610736e-17 -1.956393e-02 1.956393e-02
6.816817e-01 -7.802882e-17 -1.953028e-02 1.953028e-02
6.826827e-01 -7.997883e-17 -1.949583e-02 1.949583e-02
6.836837e-01 -8.195577e-17 -1.946121e-02 1.946121e-02
6.846847e-01 -8.395797e-17 -1.942587e-02 1.942587e-02
6.856857e-01 -8.598375e-17 -1.938982e-02 1.938982e-02
6.866867e-01 -8.803140e-17 -1.935314e-02 1.935314e-02
6.876877e-01 -9.009917e-17 -1.931566e-02 1.931566e-02
6.886887e-01 -9.218531e-17 -1.927763e-02 1.927763e-02
6.896897e-01 -9.428802e-17 -1.923871e-02 1.923871e-02
6.906907e-01 -9.640551e-17 -1.919910e-02 1.919910e-02
6.916917e-01 -9.853594e-17 -1.915872e-02 1.915872e-02
6.926927e-01 -1.006775e-16 -1.911782e-02 1.911782e-02
6.936937e-01 -1.028282e-16 -1.907603e-02 1.907603e-02
6.946947e-01 -1.049864e-16 -1.903386e-02 1.903386e-02
6.956957e-01 -1.071500e-16 -1.899086e-02 1.899086e-02
6.966967e-01 -1.093173e-16 -1.894768e-02 1.894768e-02
6.976977e-01 -1.114862e-16 -1.890399e-02 1.890399e-02
6.986987e-01 -1.136549e-16 -1.885997e-02 1.885997e-02
6.996997e-01 -1.158215e-16 -1.881576e-02 1.881576e-02
7.007007e-01 -1.179841e-16 -1.877123e-02 1.877123e-02
7.017017e-01 -1.201407e-16 -1.872684e-02 1.872684e-02
7.027027e-01 -1.222895e-16 -1.868224e-02 1.868224e-02
7.037037e-01 -1.244285e-16 -1.863772e-02 1.863772e-02
7.047047e-01 -1.265559e-16 -1.859352e-02 1.859352e-02
7.057057e-01 -1.286696e-16 -1.854944e-02 1.854944e-02
7.067067e-01 -1.307679e-16 -1.850522e-02 1.850522e-02
7.077077e-01 -1.328489e-16 -1.846164e-02 1.846164e-02
7.087087e-01 -1.349107e-16 -1.841819e-02 1.841819e-02
7.097097e-01 -1.369514e-16 -1.837510e-02 1.837510e-02
7.107107e-01 -1.389693e-16 -1.833215e-02 1.833215e-02
7.117117e-01 -1.409625e-16 -1.828930e-02 1.828930e-02
7.127127e-01 -1.429292e-16 -1.824674e-02 1.824674e-02
7.137137e-01 -1.448676e-16 -1.820411e-02 1.820411e-02
7.147147e-01 -1.467761e-16 -1.816165e-02 1.816165e-02
7.157157e-01 -1.486528e-16 -1.811931e-02 1.811931e-02
7.167167e-01 -1.504960e-16 -1.807664e-02 1.807664e-02
7.177177e-01 -1.523042e-16 -1.803398e-02 1.803398e-02
7.187187e-01 -1.540757e-16 -1.799087e-02 1.799087e-02
7.197197e-01 -1.558088e-16 -1.794752e-02 1.794752e-02
7.207207e-01 -1.575020e-16 -1.790404e-02 1.790404e-02
7.217217e-01 -1.591537e-16 -1.785991e-02 1.785991e-02
7.227227e-01 -1.607625e-16 -1.781550e-02 1.781550e-02
7.237237e-01 -1.623268e-16 -1.777059e-02 1.777059e-02
7.247247e-01 -1.638454e-16 -1.772527e-02 1.772527e-02
7.257257e-01 -1.653167e-16 -1.767951e-02 1.767951e-02
7.267267e-01 -1.667394e-16 -1.763318e-02 1.763318e-02
7.277277e-01 -1.681122e-16 -1.758668e-02 1.758668e-02
7.287287e-01 -1.694340e-16 -1.753995e-02 1.753995e-02
7.297297e-01 -1.707034e-16 -1.749264e-02 1.749264e-02
7.307307e-01 -1.719193e-16 -1.744549e-02 1.744549e-02
7.317317e-01 -1.730806e-16 -1.739804e-02 1.739804e-02
7.327327e-01 -1.741863e-16 -1.735096e-02 1.735096e-02
7.337337e-01 -1.752353e-16 -1.730371e-02 1.730371e-02
7.347347e-01 -1.762267e-16 -1.725677e-02 1.725677e-02
7.357357e-01 -1.771595e-16 -1.721007e-02 1.721007e-02
7.367367e-01 -1.780329e-16 -1.716380e-02 1.716380e-02
7.377377e-01 -1.788461e-16 -1.711787e-02 1.711787e-02
7.387387e-01 -1.795984e-16 -1.707256e-02 1.707256e-02
7.397397e-01 -1.802890e-16 -1.702802e-02 1.702802e-02
7.407407e-01 -1.809174e-16 -1.698397e-02 1.698397e-02
7.417417e-01 -1.814830e-16 -1.694039e-02 1.694039e-02
7.427427e-01 -1.819851e-16 -1.689772e-02 1.689772e-02
7.437437e-01 -1.824235e-16 -1.685563e-02 1.685563e-02
7.447447e-01 -1.827976e-16 -1.681423e-02 1.681423e-02
7.457457e-01 -1.831072e-16 -1.677355e-02 1.677355e-02
7.467467e-01 -1.833519e-16 -1.673356e-02 1.673356e-02
7.477477e-01 -1.835315e-16 -1.669408e-02 1.669408e-02
7.487487e-01 -1.836459e-16 -1.665509e-02 1.665509e-02
7.497497e-01 -1.836950e-16 -1.661697e-02 1.661697e-02
7.507508e-01 -1.836786e-16 -1.657926e-02 1.657926e-02
7.517518e-01 -1.835969e-16 -1.654179e-02 1.654179e-02
7.527528e-01 -1.834499e-16 -1.650485e-02 1.650485e-02
7.537538e-01 -1.832377e-16 -1.646827e-02 1.646827e-02
7.547548e-01 -1.829605e-16 -1.643233e-02 1.643233e-02
7.557558e-01 -1.826186e-16 -1.639643e-02 1.639643e-02
7.567568e-01 -1.822123e-16 -1.636086e-02 1.636086e-02
7.577578e-01 -1.817420e-16 -1.632556e-02 1.632556e-02
7.587588e-01 -1.812081e-16 -1.629047e-02 1.629047e-02
7.597598e-01 -1.806111e-16 -1.625578e-02 1.625578e-02
7.607608e-01 -1.799515e-16 -1.622123e-02 1.622123e-02
7.617618e-01 -1.792299e-16 -1.618673e-02 1.618673e-02
7.627628e-01 -1.784471e-16 -1.615255e-02 1.615255e-02
7.637638e-01 -1.776037e-16 -1.611869e-02 1.611869e-02
7.647648e-01 -1.767004e-16 -1.608495e-02 1.608495e-02
7.657658e-01 -1.757382e-16 -1.605156e-02 1.605156e-02
7.667668e-01 -1.747180e-16 -1.601818e-02 1.601818e-02
7.677678e-01 -1.736405e-16 -1.598541e-02 1.598541e-02
7.687688e-01 -1.725069e-16 -1.595280e-02 1.595280e-02
7.697698e-01 -1.713181e-16 -1.592056e-02 1.592056e-02
7.707708e-01 -1.700753e-16 -1.588872e-02 1.588872e-02
7.717718e-01 -1.687796e-16 -1.585723e-02 1.585723e-02
7.727728e-01 -1.674321e-16 -1.582614e-02 1.582614e-02
7.737738e-01 -1.660342e-16 -1.579548e-02 1.579548e-02
7.747748e-01 -1.645870e-16 -1.576540e-02 1.576540e-02
7.757758e-01 -1.630919e-16 -1.573555e-02 1.573555e-02
7.767768e-01 -1.615503e-16 -1.570635e-02 1.570635e-02
7.777778e-01 -1.599636e-16 -1.567771e-02 1.567771e-02
7.787788e-01 -1.583331e-16 -1.564920e-02 1.564920e-02
7.797798e-01 -1.566605e-16 -1.562148e-02 1.562148e-02
7.807808e-01 -1.549471e-16 -1.559417e-02 1.559417e-02
7.817818e-01 -1.531946e-16 -1.556742e-02 1.556742e-02
7.827828e-01 -1.514046e-16 -1.554109e-02 1.554109e-02
7.837838e-01 -1.495787e-16 -1.551524e-02 1.551524e-02
7.847848e-01 -1.477185e-16 -1.548994e-02 1.548994e-02
7.857858e-01 -1.458257e-16 -1.546533e-02 1.546533e-02
7.867868e-01 -1.439021e-16 -1.544113e-02 1.544113e-02
7.877878e-01 -1.419493e-16 -1.541737e-02 1.541737e-02
7.887888e-01 -1.399691e-16 -1.539445e-02 1.539445e-02
7.897898e-01 -1.379634e-16 -1.537216e-02 1.537216e-02
7.907908e-01 -1.359338e-16 -1.535060e-02 1.535060e-02
7.917918e-01 -1.338823e-16 -1.532948e-02 1.532948e-02
7.927928e-01 -1.318107e-16 -1.530920e-02 1.530920e-02
7.937938e-01 -1.297208e-16 -1.528978e-02 1.528978e-02
7.947948e-01 -1.276145e-16 -1.527102e-02 1.527102e-02
7.957958e-01 -1.254938e-16 -1.525314e-02 1.525314e-02
7.967968e-01 -1.233604e-16 -1.523636e-02 1.523636e-02
7.977978e-01 -1.212162e-16 -1.522036e-02 1.522036e-02
7.987988e-01 -1.190633e-16 -1.520532e-02 1.520532e-02
7.997998e-01 -1.169035e-16 -1.519144e-02 1.519144e-02
8.008008e-01 -1.147386e-16 -1.517829e-02 1.517829e-02
8.018018e-01 -1.125707e-16 -1.516628e-02 1.516628e-02
8.028028e-01 -1.104017e-16 -1.515517e-02 1.515517e-02
8.038038e-01 -1.082333e-16 -1.514533e-02 1.514533e-02
8.048048e-01 -1.060677e-16 -1.513654e-02 1.513654e-02
8.058058e-01 -1.039065e-16 -1.512852e-02 1.512852e-02
8.068068e-01 -1.017518e-16 -1.512130e-02 1.512130e-02
8.078078e-01 -9.960543e-17 -1.511532e-02 1.511532e-02
8.088088e-01 -9.746922e-17 -1.511009e-02 1.511009e-02
8.098098e-01 -9.534503e-17 -1.510574e-02 1.510574e-02
8.108108e-01 -9.323470e-17 -1.510219e-02 1.510219e-02
8.118118e-01 -9.114005e-17 -1.509935e-02 1.509935e-02
8.128128e-01 -8.906288e-17 -1.509722e-02 1.509722e-02
8.138138e-01 -8.700495e-17 -1.509587e-02 1.509587e-02
8.148148e-01 -8.496802e-17 -1.509532e-02 1.509532e-02
8.158158e-01 -8.295381e-17 -1.509559e-02 1.509559e-02
8.168168e-01 -8.096404e-17 -1.509620e-02 1.509620e-02
8.178178e-01 -7.900036e-17 -1.509790e-02 1.509790e-02
8.188188e-01 -7.706442e-17 -1.510017e-02 1.510017e-02
8.198198e-01 -7.515784e-17 -1.510355e-02 1.510355e-02
8.208208e-01 -7.328217e-17 -1.510763e-02 1.510763e-02
8.218218e-01 -7.143898e-17 -1.511279e-02 1.511279e-02
8.228228e-01 -6.962977e-17 -1.511878e-02 1.511878e-02
8.238238e-01 -6.785599e-17 -1.512605e-02 1.512605e-02
8.248248e-01 -6.611909e-17 -1.513463e-02 1.513463e-02
8.258258e-01 -6.442045e-17 -1.514441e-02 1.514441e-02
8.268268e-01 -6.276141e-17 -1.515564e-02 1.515564e-02
8.278278e-01 -6.114329e-17 -1.516818e-02 1.516818e-02
8.288288e-01 -5.956733e-17 -1.518206e-02 1.518206e-02
8.298298e-01 -5.803475e-17 -1.519762e-02 1.519762e-02
8.308308e-01 -5.654672e-17 -1.521455e-02 1.521455e-02
8.318318e-01 -5.510436e-17 -1.523289e-02 1.523289e-02
8.328328e-01 -5.370873e-17 -1.525268e-02 1.525268e-02
8.338338e-01 -5.236085e-17 -1.527391e-02 1.527391e-02
8.348348e-01 -5.106170e-17 -1.529610e-02 1.529610e-02
8.358358e-01 -4.981217e-17 -1.531981e-02 1.531981e-02
8.368368e-01 -4.861315e-17 -1.534438e-02 1.534438e-02
8.378378e-01 -4.746543e-17 -1.536979e-02 1.536979e-02
8.388388e-01 -4.636976e-17 -1.539607e-02 1.539607e-02
8.398398e-01 -4.532686e-17 -1.542291e-02 1.542291e-02
8.408408e-01 -4.433735e-17 -1.545025e-02 1.545025e-02
8.418418e-01 -4.340183e-17 -1.547791e-02 1.547791e-02
8.428428e-01 -4.252082e-17 -1.550606e-02 1.550606e-02
8.438438e-01 -4.169479e-17 -1.553434e-02 1.553434e-02
8.448448e-01 -4.092416e-17 -1.556285e-02 1.556285e-02
8.458458e-01 -4.020927e-17 -1.559179e-02 1.559179e-02
8.468468e-01 -3.955043e-17 -1.562092e-02 1.562092e-02
8.478478e-01 -3.894786e-17 -1.565063e-02 1.565063e-02
8.488488e-01 -3.840175e-17 -1.568073e-02 1.568073e-02
8.498498e-01 -3.791221e-17 -1.571184e-02 1.571184e-02
8.508509e-01 -3.747930e-17 -1.574358e-02 1.574358e-02
8.518519e-01 -3.710302e-17 -1.577641e-02 1.577641e-02
8.528529e-01 -3.678329e-17 -1.581091e-02 1.581091e-02
8.538539e-01 -3.652000e-17 -1.584657e-02 1.584657e-02
8.548549e-01 -3.631298e-17 -1.588422e-02 1.588422e-02
8.558559e-01 -3.616196e-17 -1.592353e-02 1.592353e-02
8.568569e-01 -3.606667e-17 -1.596518e-02 1.596518e-02
8.578579e-01 -3.602673e-17 -1.600912e-02 1.600912e-02
8.588589e-01 -3.604173e-17 -1.605530e-02 1.605530e-02
8.598599e-01 -3.611120e-17 -1.610361e-02 1.610361e-02
8.608609e-01 -3.623460e-17 -1.615417e-02 1.615417e-02
8.618619e-01 -3.641134e-17 -1.620704e-02 1.620704e-02
8.628629e-01 -3.664079e-17 -1.626204e-02 1.626204e-02
8.638639e-01 -3.692222e-17 -1.631898e-02 1.631898e-02
8.648649e-01 -3.725490e-17 -1.637773e-02 1.637773e-02
8.658659e-01 -3.763801e-17 -1.643784e-02 1.643784e-02
8.668669e-01 -3.807069e-17 -1.649946e-02 1.649946e-02
8.678679e-01 -3.855201e-17 -1.656207e-02 1.656207e-02
8.688689e-01 -3.908102e-17 -1.662590e-02 1.662590e-02
8.698699e-01 -3.965670e-17 -1.669016e-02 1.669016e-02
8.708709e-01 -4.027797e-17 -1.675527e-02 1.675527e-02
8.718719e-01 -4.094372e-17 -1.682074e-02 1.682074e-02
8.728729e-01 -4.165279e-17 -1.688688e-02 1.688688e-02
8.738739e-01 -4.240396e-17 -1.695357e-02 1.695357e-02
8.748749e-01 -4.319599e-17 -1.702042e-02 1.702042e-02
8.758759e-01 -4.402758e-17 -1.708826e-02 1.708826e-02
8.768769e-01 -4.489737e-17 -1.715678e-02 1.715678e-02
8.778779e-01 -4.580401e-17 -1.722625e-02 1.722625e-02
8.788789e-01 -4.674605e-17 -1.729706e-02 1.729706e-02
8.798799e-01 -4.772205e-17 -1.736909e-02 1.736909e-02
8.808809e-01 -4.873050e-17 -1.744291e-02 1.744291e-02
8.818819e-01 -4.976987e-17 -1.751861e-02 1.751861e-02
8.828829e-01 -5.083861e-17 -1.759635e-02 1.759635e-02
8.838839e-01 -5.193511e-17 -1.767653e-02 1.767653e-02
8.848849e-01 -5.305774e-17 -1.775931e-02 1.775931e-02
8.858859e-01 -5.420485e-17 -1.784471e-02 1.784471e-02
8.868869e-01 -5.537476e-17 -1.793295e-02 1.793295e-02
8.878879e-01 -5.656575e-17 -1.802419e-02 1.802419e-02
8.888889e-01 -5.777609e-17 -1.811841e-02 1.811841e-02
8.898899e-01 -5.900402e-17 -1.821563e-02 1.821563e-02
8.908909e-01 -6.024777e-17 -1.831585e-02 1.831585e-02
8.918919e-01 -6.150555e-17 -1.841904e-02 1.841904e-02
8.928929e-01 -6.277555e-17 -1.852512e-02 1.852512e-02
8.938939e-01 -6.405593e-17 -1.863427e-02 1.863427e-02
8.948949e-01 -6.534486e-17 -1.874596e-02 1.874596e-02
8.958959e-01 -6.664049e-17 -1.886033e-02 1.886033e-02
8.968969e-01 -6.794095e-17 -1.897720e-02 1.897720e-02
8.978979e-01 -6.924439e-17 -1.909663e-02 1.909663e-02
8.988989e-01 -7.054892e-17 -1.921862e-02 1.921862e-02
8.998999e-01 -7.185267e-17 -1.934296e-02 1.934296e-02
9.009009e-01 -7.315377e-17 -1.946969e-02 1.946969e-02
9.019019e-01 -7.445032e-17 -1.959868e-02 1.959868e-02
9.029029e-01 -7.574046e-17 -1.972997e-02 1.972997e-02
9.039039e-01 -7.702230e-17 -1.986380e-02 1.986380e-02
9.049049e-01 -7.829399e-17 -2.000009e-02 2.000009e-02
9.059059e-01 -7.955367e-17 -2.013892e-02 2.013892e-02
9.069069e-01 -8.079947e-17 -2.028057e-02 2.028057e-02
9.079079e-01 -8.202956e-17 -2.042481e-02 2.042481e-02
9.089089e-01 -8.324211e-17 -2.057229e-02 2.057229e-02
9.099099e-01 -8.443531e-17 -2.072263e-02 2.072263e-02
9.109109e-01 -8.560737e-17 -2.087626e-02 2.087626e-02
9.119119e-01 -8.675650e-17 -2.103351e-02 2.103351e-02
9.129129e-01 -8.788096e-17 -2.119423e-02 2.119423e-02
9.139139e-01 -8.897899e-17 -2.135877e-02 2.135877e-02
9.149149e-01 -9.004890e-17 -2.152747e-02 2.152747e-02
9.159159e-01 -9.108900e-17 -2.169997e-02 2.169997e-02
9.169169e-01 -9.209763e-17 -2.187674e-02 2.187674e-02
9.179179e-01 -9.307315e-17 -2.205820e-02 2.205820e-02
9.189189e-01 -9.401397e-17 -2.224399e-02 2.224399e-02
9.199199e-01 -9.491852e-17 -2.243444e-02 2.243444e-02
9.209209e-01 -9.578527e-17 -2.262965e-02 2.262965e-02
9.219219e-01 -9.661272e-17 -2.282989e-02 2.282989e-02
9.229229e-01 -9.739941e-17 -2.303456e-02 2.303456e-02
9.239239e-01 -9.814390e-17 -2.324483e-02 2.324483e-02
9.249249e-01 -9.884483e-17 -2.345978e-02 2.345978e-02
9.259259e-01 -9.950084e-17 -2.367993e-02 2.367993e-02
9.269269e-01 -1.001106e-16 -2.390517e-02 2.390517e-02
9.279279e-01 -1.006729e-16 -2.413569e-02 2.413569e-02
9.289289e-01 -1.011866e-16 -2.437156e-02 2.437156e-02
9.299299e-01 -1.016504e-16 -2.461266e-02 2.461266e-02
9.309309e-01 -1.020632e-16 -2.485937e-02 2.485937e-02
9.319319e-01 -1.024239e-16 -2.511138e-02 2.511138e-02
9.329329e-01 -1.027316e-16 -2.536944e-02 2.536944e-02
9.339339e-01 -1.029853e-16 -2.563295e-02 2.563295e-02
9.349349e-01 -1.031840e-16 -2.590246e-02 2.590246e-02
9.359359e-01 -1.033269e-16 -2.617803e-02 2.617803e-02
9.369369e-01 -1.034132e-16 -2.645959e-02 2.645959e-02
9.379379e-01 -1.034420e-16 -2.674787e-02 2.674787e-02
9.389389e-01 -1.034128e-16 -2.704243e-02 2.704243e-02
9.399399e-01 -1.033248e-16 -2.734387e-02 2.734387e-02
9.409409e-01 -1.031775e-16 -2.765220e-02 2.765220e-02
9.419419e-01 -1.029703e-16 -2.796762e-02 2.796762e-02
9.429429e-01 -1.027028e-16 -2.829058e-02 2.829058e-02
9.439439e-01 -1.023745e-16 -2.862100e-02 2.862100e-02
9.449449e-01 -1.019851e-16 -2.895939e-02 2.895939e-02
9.459459e-01 -1.015342e-16 -2.930591e-02 2.930591e-02
9.469469e-01 -1.010217e-16 -2.966056e-02 2.966056e-02
9.479479e-01 -1.004473e-16 -3.002369e-02 3.002369e-02
9.489489e-01 -9.981097e-17 -3.039572e-02 3.039572e-02
9.499499e-01 -9.911256e-17 -3.077661e-02 3.077661e-02
9.509510e-01 -9.835210e-17 -3.116688e-02 3.116688e-02
9.519520e-01 -9.752965e-17 -3.156644e-02 3.156644e-02
9.529530e-01 -9.664532e-17 -3.197555e-02 3.197555e-02
9.539540e-01 -9.569930e-17 -3.239460e-02 3.239460e-02
9.549550e-01 -9.469180e-17 -3.282401e-02 3.282401e-02
9.559560e-01 -9.362314e-17 -3.326351e-02 3.326351e-02
9.569570e-01 -9.249366e-17 -3.371358e-02 3.371358e-02
9.579580e-01 -9.130378e-17 -3.417485e-02 3.417485e-02
9.589590e-01 -9.005396e-17 -3.464746e-02 3.464746e-02
9.599600e-01 -8.874474e-17 -3.513170e-02 3.513170e-02
9.609610e-01 -8.737670e-17 -3.562754e-02 3.562754e-02
9.619620e-01 -8.595050e-17 -3.613570e-02 3.613570e-02
9.629630e-01 -8.446682e-17 -3.665672e-02 3.665672e-02
9.639640e-01 -8.292643e-17 -3.719074e-02 3.719074e-02
9.649650e-01 -8.133013e-17 -3.773805e-02 3.773805e-02
9.659660e-01 -7.967879e-17 -3.829946e-02 3.829946e-02
9.669670e-01 -7.797334e-17 -3.887510e-02 3.887510e-02
9.679680e-01 -7.621473e-17 -3.946557e-02 3.946557e-02
9.689690e-01 -7.440401e-17 -4.007153e-02 4.007153e-02
9.699700e-01 -7.254223e-17 -4.069322e-02 4.069322e-02
9.709710e-01 -7.063052e-17 -4.133131e-02 4.133131e-02
9.719720e-01 -6.867005e-17 -4.198601e-02 4.198601e-02
9.729730e-01 -6.666205e-17 -4.265817e-02 4.265817e-02
9.739740e-01 -6.460778e-17 -4.334813e-02 4.334813e-02
9.749750e-01 -6.250854e-17 -4.405659e-02 4.405659e-02
9.759760e-01 -6.036570e-17 -4.478370e-02 4.478370e-02
9.769770e-01 -5.818065e-17 -4.553024e-02 4.553024e-02
9.779780e-01 -5.595482e-17 -4.629685e-02 4.629685e-02
9.789790e-01 -5.368970e-17 -4.708384e-02 4.708384e-02
9.799800e-01 -5.138679e-17 -4.789189e-02 4.789189e-02
9.809810e-01 -4.904766e-17 -4.872132e-02 4.872132e-02
9.819820e-01 -4.667388e-17 -4.957287e-02 4.957287e-02
9.829830e-01 -4.426709e-17 -5.044769e-02 5.044769e-02
9.839840e-01 -4.182893e-17 -5.134566e-02 5.134566e-02
9.849850e-01 -3.936108e-17 -5.226813e-02 5.226813e-02
9.859860e-01 -3.686526e-17 -5.321569e-02 5.321569e-02
9.869870e-01 -3.434321e-17 -5.418900e-02 5.418900e-02
9.879880e-01 -3.179670e-17 -5.518939e-02 5.518939e-02
9.889890e-01 -2.922751e-17 -5.621755e-02 5.621755e-02
9.899900e-01 -2.663745e-17 -5.727485e-02 5.727485e-02
9.909910e-01 -2.402837e-17 -5.836208e-02 5.836208e-02
9.919920e-01 -2.140209e-17 -5.948061e-02 5.948061e-02
9.929930e-01 -1.876050e-17 -6.063204e-02 6.063204e-02
9.939940e-01 -1.610548e-17 -6.181730e-02 6.181730e-02
9.949950e-01 -1.343892e-17 -6.303824e-02 6.303824e-02
9.959960e-01 -1.076272e-17 -6.429581e-02 6.429581e-02
9.969970e-01 -8.078802e-18 -6.559145e-02 6.559145e-02
9.979980e-01 -5.389090e-18 -6.692683e-02 6.692683e-02
9.989990e-01 -2.695512e-18 -6.830312e-02 6.830312e-02
1.000000e+00 -1.049832e-31 -6.972168e-02 6.972168e-02
