# x  u_exact  u_pred  abs_error
0.000000e+00 0.000000e+00 3.496271e-02 3.496271e-02
1.001001e-03 2.695512e-18 3.418767e-02 3.418767e-02
2.002002e-03 5.389090e-18 3.343290e-02 3.343290e-02
3.003003e-03 8.078802e-18 3.269786e-02 3.269786e-02
4.004004e-03 1.076272e-17 3.198212e-02 3.198212e-02
5.005005e-03 1.343892e-17 3.128499e-02 3.128499e-02
6.006006e-03 1.610548e-17 3.060669e-02 3.060669e-02
7.007007e-03 1.876050e-17 2.994597e-02 2.994597e-02
8.008008e-03 2.140209e-17 2.930242e-02 2.930242e-02
9.009009e-03 2.402837e-17 2.867645e-02 2.867645e-02
1.001001e-02 2.663745e-17 2.806664e-02 2.806664e-02
1.101101e-02 2.922751e-17 2.747256e-02 2.747256e-02
1.201201e-02 3.179670e-17 2.689427e-02 2.689427e-02
1.301301e-02 3.434321e-17 2.633077e-02 2.633077e-02
1.401401e-02 3.686526e-17 2.578193e-02 2.578193e-02
1.501502e-02 3.936108e-17 2.524728e-02 2.524728e-02
1.601602e-02 4.182893e-17 2.472663e-02 2.472663e-02
1.701702e-02 4.426709e-17 2.421862e-02 2.421862e-02
1.801802e-02 4.667388e-17 2.372408e-02 2.372408e-02
1.901902e-02 4.904766e-17 2.324253e-02 2.324253e-02
2.002002e-02 5.138679e-17 2.277309e-02 2.277309e-02
2.102102e-02 5.368970e-17 2.231604e-02 2.231604e-02
2.202202e-02 5.595482e-17 2.187032e-02 2.187032e-02
2.302302e-02 5.818065e-17 2.143639e-02 2.143639e-02
2.402402e-02 6.036570e-17 2.101350e-02 2.101350e-02
2.502503e-02 6.250854e-17 2.060199e-02 2.060199e-02
2.602603e-02 6.460778e-17 2.020055e-02 2.020055e-02
2.702703e-02 6.666205e-17 1.980966e-02 1.980966e-02
2.802803e-02 6.867005e-17 1.942915e-02 1.942915e-02
2.902903e-02 7.063052e-17 1.905829e-02 1.905829e-02
3.003003e-02 7.254223e-17 1.869714e-02 1.869714e-02
3.103103e-02 7.440401e-17 1.834559e-02 1.834559e-02
3.203203e-02 7.621473e-17 1.800263e-02 1.800263e-02
3.303303e-02 7.797334e-17 1.766855e-02 1.766855e-02
3.403403e-02 7.967879e-17 1.734275e-02 1.734275e-02
3.503504e-02 8.133013e-17 1.702547e-02 1.702547e-02
3.603604e-02 8.292643e-17 1.671654e-02 1.671654e-02
3.703704e-02 8.446682e-17 1.641542e-02 1.641542e-02
3.803804e-02 8.595050e-17 1.612204e-02 1.612204e-02
3.903904e-02 8.737670e-17 1.583600e-02 1.583600e-02
4.004004e-02 8.874474e-17 1.555765e-02 1.555765e-02
4.104104e-02 9.005396e-17 1.528674e-02 1.528674e-02
4.204204e-02 9.130378e-17 1.502234e-02 1.502234e-02
4.304304e-02 9.249366e-17 1.476496e-02 1.476496e-02
4.404404e-02 9.362314e-17 1.451457e-02 1.451457e-02
4.504505e-02 9.469180e-17 1.427025e-02 1.427025e-02
4.604605e-02 9.569930e-17 1.403284e-02 1.403284e-02
4.704705e-02 9.664532e-17 1.380140e-02 1.380140e-02
4.804805e-02 9.752965e-17 1.357627e-02 1.357627e-02
4.904905e-02 9.835210e-17 1.335663e-02 1.335663e-02
5.005005e-02 9.911256e-17 1.314259e-02 1.314259e-02
5.105105e-02 9.981097e-17 1.293427e-02 1.293427e-02
5.205205e-02 1.004473e-16 1.273090e-02 1.273090e-02
5.305305e-02 1.010217e-16 1.253223e-02 1.253223e-02
5.405405e-02 1.015342e-16 1.233846e-02 1.233846e-02
5.505506e-02 1.019851e-16 1.214987e-02 1.214987e-02
5.605606e-02 1.023745e-16 1.196480e-02 1.196480e-02
5.705706e-02 1.027028e-16 1.178426e-02 1.178426e-02
5.805806e-02 1.029703e-16 1.160699e-02 1.160699e-02
5.905906e-02 1.031775e-16 1.143390e-02 1.143390e-02
6.006006e-02 1.033248e-16 1.126420e-02 1.126420e-02
6.106106e-02 1.034128e-16 1.109785e-02 1.109785e-02
6.206206e-02 1.034420e-16 1.093435e-02 1.093435e-02
6.306306e-02 1.034132e-16 1.077455e-02 1.077455e-02
6.406406e-02 1.033269e-16 1.061743e-02 1.061743e-02
6.506507e-02 1.031840e-16 1.046342e-02 1.046342e-02
6.606607e-02 1.029853e-16 1.031256e-02 1.031256e-02
6.706707e-02 1.027316e-16 1.016420e-02 1.016420e-02
6.806807e-02 1.024239e-16 1.001853e-02 1.001853e-02
6.906907e-02 1.020632e-16 9.876430e-03 9.876430e-03
7.007007e-02 1.016504e-16 9.736359e-03 9.736359e-03
7.107107e-02 1.011866e-16 9.599507e-03 9.599507e-03
7.207207e-02 1.006729e-16 9.466052e-03 9.466052e-03
7.307307e-02 1.001106e-16 9.334803e-03 9.334803e-03
7.407407e-02 9.950084e-17 9.206772e-03 9.206772e-03
7.507508e-02 9.884483e-17 9.081125e-03 9.081125e-03
7.607608e-02 9.814390e-17 8.959293e-03 8.959293e-03
7.707708e-02 9.739941e-17 8.839846e-03 8.839846e-03
7.807808e-02 9.661272e-17 8.723497e-03 8.723497e-03
7.907908e-02 9.578527e-17 8.610010e-03 8.610010e-03
8.008008e-02 9.491852e-17 8.498967e-03 8.498967e-03
8.108108e-02 9.401397e-17 8.391023e-03 8.391023e-03
8.208208e-02 9.307315e-17 8.285761e-03 8.285761e-03
8.308308e-02 9.209763e-17 8.183181e-03 8.183181e-03
8.408408e-02 9.108900e-17 8.083045e-03 8.083045e-03
8.508509e-02 9.004890e-17 7.985532e-03 7.985532e-03
8.608609e-02 8.897899e-17 7.890642e-03 7.890642e-03
8.708709e-02 8.788096e-17 7.797182e-03 7.797182e-03
8.808809e-02 8.675650e-17 7.706344e-03 7.706344e-03
8.908909e-02 8.560737e-17 7.617772e-03 7.617772e-03
9.009009e-02 8.443531e-17 7.530868e-03 7.530868e-03
9.109109e-02 8.324211e-17 7.445633e-03 7.445633e-03
9.209209e-02 8.202956e-17 7.362306e-03 7.362306e-03
9.309309e-02 8.079947e-17 7.280886e-03 7.280886e-03
9.409409e-02 7.955367e-17 7.200181e-03 7.200181e-03
9.509510e-02 7.829399e-17 7.121682e-03 7.121682e-03
9.609610e-02 7.702230e-17 7.043839e-03 7.043839e-03
9.709710e-02 7.574046e-17 6.967962e-03 6.967962e-03
9.809810e-02 7.445032e-17 6.892860e-03 6.892860e-03
9.909910e-02 7.315377e-17 6.819367e-03 6.819367e-03
1.001001e-01 7.185267e-17 6.746411e-03 6.746411e-03
1.011011e-01 7.054892e-17 6.675005e-03 6.675005e-03
1.021021e-01 6.924439e-17 6.604493e-03 6.604493e-03
1.031031e-01 6.794095e-17 6.534994e-03 6.534994e-03
1.041041e-01 6.664049e-17 6.466031e-03 6.466031e-03
1.051051e-01 6.534486e-17 6.398320e-03 6.398320e-03
1.061061e-01 6.405593e-17 6.331682e-03 6.331682e-03
1.071071e-01 6.277555e-17 6.265223e-03 6.265223e-03
1.081081e-01 6.150555e-17 6.200075e-03 6.200075e-03
1.091091e-01 6.024777e-17 6.135881e-03 6.135881e-03
1.101101e-01 5.900402e-17 6.072521e-03 6.072521e-03
1.111111e-01 5.777609e-17 6.009459e-03 6.009459e-03
1.121121e-01 5.656575e-17 5.948126e-03 5.948126e-03
1.131131e-01 5.537476e-17 5.887091e-03 5.887091e-03
1.141141e-01 5.420485e-17 5.826771e-03 5.826771e-03
1.151151e-01 5.305774e-17 5.767047e-03 5.767047e-03
1.161161e-01 5.193511e-17 5.708516e-03 5.708516e-03
1.171171e-01 5.083861e-17 5.650640e-03 5.650640e-03
1.181181e-01 4.976987e-17 5.593419e-03 5.593419e-03
1.191191e-01 4.873050e-17 5.537570e-03 5.537570e-03
1.201201e-01 4.772205e-17 5.482078e-03 5.482078e-03
1.211211e-01 4.674605e-17 5.427420e-03 5.427420e-03
1.221221e-01 4.580401e-17 5.373657e-03 5.373657e-03
1.231231e-01 4.489737e-17 5.320549e-03 5.320549e-03
1.241241e-01 4.402758e-17 5.268037e-03 5.268037e-03
1.251251e-01 4.319599e-17 5.216539e-03 5.216539e-03
1.261261e-01 4.240396e-17 5.165637e-03 5.165637e-03
1.271271e-01 4.165279e-17 5.116165e-03 5.116165e-03
1.281281e-01 4.094372e-17 5.066931e-03 5.066931e-03
1.291291e-01 4.027797e-17 5.018651e-03 5.018651e-03
1.301301e-01 3.965670e-17 4.970908e-03 4.970908e-03
1.311311e-01 3.908102e-17 4.923522e-03 4.923522e-03
1.321321e-01 3.855201e-17 4.877388e-03 4.877388e-03
1.331331e-01 3.807069e-17 4.831672e-03 4.831672e-03
1.341341e-01 3.763801e-17 4.786611e-03 4.786611e-03
1.351351e-01 3.725490e-17 4.742086e-03 4.742086e-03
1.361361e-01 3.692222e-17 4.697621e-03 4.697621e-03
1.371371e-01 3.664079e-17 4.654467e-03 4.654467e-03
1.381381e-01 3.641134e-17 4.611075e-03 4.611075e-03
1.391391e-01 3.623460e-17 4.568517e-03 4.568517e-03
1.401401e-01 3.611120e-17 4.526377e-03 4.526377e-03
1.411411e-01 3.604173e-17 4.483819e-03 4.483819e-03
1.421421e-01 3.602673e-17 4.442692e-03 4.442692e-03
1.431431e-01 3.606667e-17 4.401028e-03 4.401028e-03
1.441441e-01 3.616196e-17 4.359961e-03 4.359961e-03
1.451451e-01 3.631298e-17 4.318953e-03 4.318953e-03
1.461461e-01 3.652000e-17 4.278541e-03 4.278541e-03
1.471471e-01 3.678329e-17 4.237831e-03 4.237831e-03
1.481481e-01 3.710302e-17 4.198134e-03 4.198134e-03
1.491491e-01 3.747930e-17 4.158735e-03 4.158735e-03
1.501502e-01 3.791221e-17 4.119158e-03 4.119158e-03
1.511512e-01 3.840175e-17 4.080296e-03 4.080296e-03
1.521522e-01 3.894786e-17 4.041791e-03 4.041791e-03
1.531532e-01 3.955043e-17 4.003406e-03 4.003406e-03
1.541542e-01 4.020927e-17 3.965437e-03 3.965437e-03
1.551552e-01 4.092416e-17 3.928065e-03 3.928065e-03
1.561562e-01 4.169479e-17 3.891289e-03 3.891289e-03
1.571572e-01 4.252082e-17 3.854454e-03 3.854454e-03
1.581582e-01 4.340183e-17 3.818572e-03 3.818572e-03
1.591592e-01 4.433735e-17 3.783166e-03 3.783166e-03
1.601602e-01 4.532686e-17 3.747702e-03 3.747702e-03
1.611612e-01 4.636976e-17 3.713310e-03 3.713310e-03
1.621622e-01 4.746543e-17 3.678977e-03 3.678977e-03
1.631632e-01 4.861315e-17 3.645480e-03 3.645480e-03
1.641642e-01 4.981217e-17 3.612459e-03 3.612459e-03
1.651652e-01 5.106170e-17 3.579855e-03 3.579855e-03
1.661662e-01 5.236085e-17 3.547430e-03 3.547430e-03
1.671672e-01 5.370873e-17 3.515959e-03 3.515959e-03
1.681682e-01 5.510436e-17 3.485084e-03 3.485084e-03
1.691692e-01 5.654672e-17 3.454149e-03 3.454149e-03
1.701702e-01 5.803475e-17 3.424048e-03 3.424048e-03
1.711712e-01 5.956733e-17 3.394425e-03 3.394425e-03
1.721722e-01 6.114329e-17 3.364503e-03 3.364503e-03
1.731732e-01 6.276141e-17 3.335834e-03 3.335834e-03
1.741742e-01 6.442045e-17 3.306925e-03 3.306925e-03
1.751752e-01 6.611909e-17 3.279030e-03 3.279030e-03
1.761762e-01 6.785599e-17 3.251016e-03 3.251016e-03
1.771772e-01 6.962977e-17 3.222942e-03 3.222942e-03
1.781782e-01 7.143898e-17 3.195703e-03 3.195703e-03
1.791792e-01 7.328217e-17 3.168464e-03 3.168464e-03
1.801802e-01 7.515784e-17 3.142059e-03 3.142059e-03
1.811812e-01 7.706442e-17 3.115237e-03 3.115237e-03
1.821822e-01 7.900036e-17 3.088951e-03 3.088951e-03
1.831832e-01 8.096404e-17 3.063440e-03 3.063440e-03
1.841842e-01 8.295381e-17 3.037214e-03 3.037214e-03
1.851852e-01 8.496802e-17 3.011882e-03 3.011882e-03
1.861862e-01 8.700495e-17 2.986908e-03 2.986908e-03
1.871872e-01 8.906288e-17 2.962410e-03 2.962410e-03
1.881882e-01 9.114005e-17 2.937734e-03 2.937734e-03
1.891892e-01 9.323470e-17 2.914071e-03 2.914071e-03
1.901902e-01 9.534503e-17 2.890587e-03 2.890587e-03
1.911912e-01 9.746922e-17 2.867639e-03 2.867639e-03
1.921922e-01 9.960543e-17 2.844632e-03 2.844632e-03
1.931932e-01 1.017518e-16 2.822697e-03 2.822697e-03
1.941942e-01 1.039065e-16 2.800822e-03 2.800822e-03
1.951952e-01 1.060677e-16 2.779424e-03 2.779424e-03
1.961962e-01 1.082333e-16 2.758086e-03 2.758086e-03
1.971972e-01 1.104017e-16 2.737343e-03 2.737343e-03
1.981982e-01 1.125707e-16 2.716780e-03 2.716780e-03
1.991992e-01 1.147386e-16 2.696455e-03 2.696455e-03
2.002002e-01 1.169035e-16 2.676547e-03 2.676547e-03
2.012012e-01 1.190633e-16 2.656817e-03 2.656817e-03
2.022022e-01 1.212162e-16 2.637029e-03 2.637029e-03
2.032032e-01 1.233604e-16 2.618015e-03 2.618015e-03
2.042042e-01 1.254938e-16 2.598226e-03 2.598226e-03
2.052052e-01 1.276145e-16 2.578735e-03 2.578735e-03
2.062062e-01 1.297208e-16 2.559245e-03 2.559245e-03
2.072072e-01 1.318107e-16 2.539814e-03 2.539814e-03
2.082082e-01 1.338823e-16 2.520919e-03 2.520919e-03
2.092092e-01 1.359338e-16 2.501428e-03 2.501428e-03
2.102102e-01 1.379634e-16 2.482116e-03 2.482116e-03
2.112112e-01 1.399691e-16 2.462804e-03 2.462804e-03
2.122122e-01 1.419493e-16 2.443433e-03 2.443433e-03
2.132132e-01 1.439021e-16 2.424538e-03 2.424538e-03
2.142142e-01 1.458257e-16 2.405405e-03 2.405405e-03
2.152152e-01 1.477185e-16 2.386570e-03 2.386570e-03
2.162162e-01 1.495787e-16 2.368093e-03 2.368093e-03
2.172172e-01 1.514046e-16 2.349079e-03 2.349079e-03
2.182182e-01 1.531946e-16 2.330542e-03 2.330542e-03
2.192192e-01 1.549471e-16 2.312362e-03 2.312362e-03
2.202202e-01 1.566605e-16 2.294064e-03 2.294064e-03
2.212212e-01 1.583331e-16 2.276063e-03 2.276063e-03
2.222222e-01 1.599636e-16 2.257943e-03 2.257943e-03
2.232232e-01 1.615503e-16 2.240300e-03 2.240300e-03
2.242242e-01 1.630919e-16 2.222359e-03 2.222359e-03
2.252252e-01 1.645870e-16 2.204299e-03 2.204299e-03
2.262262e-01 1.660342e-16 2.186894e-03 2.186894e-03
2.272272e-01 1.674321e-16 2.169073e-03 2.169073e-03
2.282282e-01 1.687796e-16 2.151906e-03 2.151906e-03
2.292292e-01 1.700753e-16 2.134204e-03 2.134204e-03
2.302302e-01 1.713181e-16 2.116859e-03 2.116859e-03
2.312312e-01 1.725069e-16 2.099454e-03 2.099454e-03
2.322322e-01 1.736405e-16 2.082348e-03 2.082348e-03
2.332332e-01 1.747180e-16 2.064943e-03 2.064943e-03
2.342342e-01 1.757382e-16 2.047777e-03 2.047777e-03
2.352352e-01 1.767004e-16 2.030432e-03 2.030432e-03
2.362362e-01 1.776037e-16 2.013445e-03 2.013445e-03
2.372372e-01 1.784471e-16 1.996577e-03 1.996577e-03
2.382382e-01 1.792299e-16 1.979709e-03 1.979709e-03
2.392392e-01 1.799515e-16 1.963019e-03 1.963019e-03
2.402402e-01 1.806111e-16 1.946747e-03 1.946747e-03
2.412412e-01 1.812081e-16 1.930475e-03 1.930475e-03
2.422422e-01 1.817420e-16 1.913965e-03 1.913965e-03
2.432432e-01 1.822123e-16 1.897871e-03 1.897871e-03
2.442442e-01 1.826186e-16 1.881957e-03 1.881957e-03
2.452452e-01 1.829605e-16 1.866400e-03 1.866400e-03
2.462462e-01 1.832377e-16 1.850188e-03 1.850188e-03
2.472472e-01 1.834499e-16 1.834691e-03 1.834691e-03
2.482482e-01 1.835969e-16 1.819015e-03 1.819015e-03
2.492492e-01 1.836786e-16 1.803756e-03 1.803756e-03
2.502503e-01 1.836950e-16 1.788437e-03 1.788437e-03
2.512513e-01 1.836459e-16 1.773179e-03 1.773179e-03
2.522523e-01 1.835315e-16 1.757622e-03 1.757622e-03
2.532533e-01 1.833519e-16 1.742303e-03 1.742303e-03
2.542543e-01 1.831072e-16 1.727223e-03 1.727223e-03
2.552553e-01 1.827976e-16 1.711667e-03 1.711667e-03
2.562563e-01 1.824235e-16 1.696646e-03 1.696646e-03
2.572573e-01 1.819851e-16 1.681805e-03 1.681805e-03
2.582583e-01 1.814830e-16 1.666725e-03 1.666725e-03
2.592593e-01 1.809174e-16 1.651943e-03 1.651943e-03
2.602603e-01 1.802890e-16 1.637161e-03 1.637161e-03
2.612613e-01 1.795984e-16 1.622558e-03 1.622558e-03
2.622623e-01 1.788461e-16 1.608849e-03 1.608849e-03
2.632633e-01 1.780329e-16 1.594484e-03 1.594484e-03
2.642643e-01 1.771595e-16 1.580834e-03 1.580834e-03
2.652653e-01 1.762267e-16 1.567364e-03 1.567364e-03
2.662663e-01 1.752353e-16 1.554489e-03 1.554489e-03
2.672673e-01 1.741863e-16 1.541495e-03 1.541495e-03
2.682683e-01 1.730806e-16 1.529157e-03 1.529157e-03
2.692693e-01 1.719193e-16 1.517057e-03 1.517057e-03
2.702703e-01 1.707034e-16 1.505315e-03 1.505315e-03
2.712713e-01 1.694340e-16 1.494110e-03 1.494110e-03
2.722723e-01 1.681122e-16 1.483023e-03 1.483023e-03
2.732733e-01 1.667394e-16 1.472294e-03 1.472294e-03
2.742743e-01 1.653167e-16 1.461625e-03 1.461625e-03
2.752753e-01 1.638454e-16 1.451135e-03 1.451135e-03
2.762763e-01 1.623268e-16 1.440465e-03 1.440465e-03
2.772773e-01 1.607625e-16 1.430452e-03 1.430452e-03
2.782783e-01 1.591537e-16 1.420379e-03 1.420379e-03
2.792793e-01 1.575020e-16 1.409709e-03 1.409709e-03
2.802803e-01 1.558088e-16 1.399696e-03 1.399696e-03
2.812813e-01 1.540757e-16 1.389086e-03 1.389086e-03
2.822823e-01 1.523042e-16 1.378298e-03 1.378298e-03
2.832833e-01 1.504960e-16 1.367331e-03 1.367331e-03
2.842843e-01 1.486528e-16 1.356542e-03 1.356542e-03
2.852853e-01 1.467761e-16 1.345158e-03 1.345158e-03
2.862863e-01 1.448676e-16 1.333773e-03 1.333773e-03
2.872873e-01 1.429292e-16 1.322865e-03 1.322865e-03
2.882883e-01 1.409625e-16 1.311660e-03 1.311660e-03
2.892893e-01 1.389693e-16 1.300037e-03 1.300037e-03
2.902903e-01 1.369514e-16 1.288831e-03 1.288831e-03
2.912913e-01 1.349107e-16 1.277208e-03 1.277208e-03
2.922923e-01 1.328489e-16 1.266420e-03 1.266420e-03
2.932933e-01 1.307679e-16 1.255751e-03 1.255751e-03
2.942943e-01 1.286696e-16 1.245320e-03 1.245320e-03
2.952953e-01 1.265559e-16 1.235425e-03 1.235425e-03
2.962963e-01 1.244285e-16 1.225650e-03 1.225650e-03
2.972973e-01 1.222895e-16 1.216054e-03 1.216054e-03
2.982983e-01 1.201407e-16 1.207352e-03 1.207352e-03
2.992993e-01 1.179841e-16 1.198888e-03 1.198888e-03
3.003003e-01 1.158215e-16 1.191080e-03 1.191080e-03
3.013013e-01 1.136549e-16 1.183629e-03 1.183629e-03
3.023023e-01 1.114862e-16 1.176178e-03 1.176178e-03
3.033033e-01 1.093173e-16 1.169741e-03 1.169741e-03
3.043043e-01 1.071500e-16 1.163542e-03 1.163542e-03
3.053053e-01 1.049864e-16 1.157463e-03 1.157463e-03
3.063063e-01 1.028282e-16 1.151860e-03 1.151860e-03
3.073073e-01 1.006775e-16 1.146078e-03 1.146078e-03
3.083083e-01 9.853594e-17 1.140535e-03 1.140535e-03
3.093093e-01 9.640551e-17 1.135409e-03 1.135409e-03
3.103103e-01 9.428802e-17 1.130402e-03 1.130402e-03
3.113113e-01 9.218531e-17 1.125276e-03 1.125276e-03
3.123123e-01 9.009917e-17 1.120031e-03 1.120031e-03
3.133133e-01 8.803140e-17 1.114905e-03 1.114905e-03
3.143143e-01 8.598375e-17 1.110137e-03 1.110137e-03
3.153153e-01 8.395797e-17 1.104414e-03 1.104414e-03
3.163163e-01 8.195577e-17 1.099467e-03 1.099467e-03
3.173173e-01 7.997883e-17 1.093745e-03 1.093745e-03
3.183183e-01 7.802882e-17 1.088083e-03 1.088083e-03
3.193193e-01 7.610736e-17 1.082540e-03 1.082540e-03
3.203203e-01 7.421604e-17 1.076400e-03 1.076400e-03
3.213213e-01 7.235643e-17 1.070261e-03 1.070261e-03
3.223223e-01 7.053003e-17 1.064181e-03 1.064181e-03
3.233233e-01 6.873836e-17 1.057863e-03 1.057863e-03
3.243243e-01 6.698284e-17 1.051426e-03 1.051426e-03
3.253253e-01 6.526490e-17 1.044989e-03 1.044989e-03
3.263263e-01 6.358590e-17 1.038015e-03 1.038015e-03
3.273273e-01 6.194715e-17 1.031220e-03 1.031220e-03
3.283283e-01 6.034996e-17 1.024485e-03 1.024485e-03
3.293293e-01 5.879554e-17 1.017630e-03 1.017630e-03
3.303303e-01 5.728510e-17 1.010656e-03 1.010656e-03
3.313313e-01 5.581977e-17 1.003861e-03 1.003861e-03
3.323323e-01 5.440064e-17 9.968281e-04 9.968281e-04
3.333333e-01 5.302876e-17 9.897947e-04 9.897947e-04
3.343343e-01 5.170513e-17 9.828210e-04 9.828210e-04
3.353353e-01 5.043068e-17 9.762645e-04 9.762645e-04
3.363363e-01 4.920630e-17 9.693503e-04 9.693503e-04
3.373373e-01 4.803283e-17 9.626150e-04 9.626150e-04
3.383383e-01 4.691104e-17 9.557009e-04 9.557009e-04
3.393393e-01 4.584168e-17 9.490252e-04 9.490252e-04
3.403403e-01 4.482539e-17 9.425282e-04 9.425282e-04
3.413413e-01 4.386281e-17 9.357929e-04 9.357929e-04
3.423423e-01 4.295448e-17 9.291768e-04 9.291768e-04
3.433433e-01 4.210090e-17 9.223819e-04 9.223819e-04
3.443443e-01 4.130252e-17 9.163022e-04 9.163022e-04
3.453453e-01 4.055972e-17 9.093285e-04 9.093285e-04
3.463463e-01 3.987283e-17 9.027123e-04 9.027123e-04
3.473473e-01 3.924210e-17 8.954406e-04 8.954406e-04
3.483483e-01 3.866774e-17 8.884072e-04 8.884072e-04
3.493493e-01 3.814991e-17 8.812547e-04 8.812547e-04
3.503504e-01 3.768868e-17 8.738041e-04 8.738041e-04
3.513514e-01 3.728408e-17 8.662939e-04 8.662939e-04
3.523524e-01 3.693609e-17 8.589625e-04 8.589625e-04
3.533534e-01 3.664460e-17 8.509159e-04 8.509159e-04
3.543544e-01 3.640947e-17 8.425117e-04 8.425117e-04
3.553554e-01 3.623048e-17 8.341074e-04 8.341074e-04
3.563564e-01 3.610737e-17 8.257031e-04 8.257031e-04
3.573574e-01 3.603980e-17 8.168221e-04 8.168221e-04
3.583584e-01 3.602739e-17 8.074641e-04 8.074641e-04
3.593594e-01 3.606969e-17 7.982850e-04 7.982850e-04
3.603604e-01 3.616619e-17 7.886887e-04 7.886887e-04
3.613614e-01 3.631634e-17 7.790327e-04 7.790327e-04
3.623624e-01 3.651952e-17 7.684231e-04 7.684231e-04
3.633634e-01 3.677505e-17 7.577538e-04 7.577538e-04
3.643644e-01 3.708221e-17 7.470846e-04 7.470846e-04
3.653654e-01 3.744021e-17 7.362366e-04 7.362366e-04
3.663664e-01 3.784821e-17 7.247329e-04 7.247329e-04
3.673674e-01 3.830533e-17 7.135868e-04 7.135868e-04
3.683684e-01 3.881062e-17 7.015467e-04 7.015467e-04
3.693694e-01 3.936309e-17 6.896257e-04 6.896257e-04
3.703704e-01 3.996170e-17 6.772876e-04 6.772876e-04
3.713714e-01 4.060535e-17 6.652474e-04 6.652474e-04
3.723724e-01 4.129291e-17 6.531477e-04 6.531477e-04
3.733734e-01 4.202319e-17 6.409883e-04 6.409883e-04
3.743744e-01 4.279495e-17 6.290078e-04 6.290078e-04
3.753754e-01 4.360692e-17 6.170869e-04 6.170869e-04
3.763764e-01 4.445778e-17 6.057620e-04 6.057620e-04
3.773774e-01 4.534617e-17 5.946755e-04 5.946755e-04
3.783784e-01 4.627069e-17 5.840659e-04 5.840659e-04
3.793794e-01 4.722990e-17 5.737543e-04 5.737543e-04
3.803804e-01 4.822231e-17 5.640984e-04 5.640984e-04
3.813814e-01 4.924642e-17 5.552173e-04 5.552173e-04
3.823824e-01 5.030067e-17 5.468726e-04 5.468726e-04
3.833834e-01 5.138349e-17 5.390048e-04 5.390048e-04
3.843844e-01 5.249326e-17 5.316138e-04 5.316138e-04
3.853854e-01 5.362834e-17 5.254745e-04 5.254745e-04
3.863864e-01 5.478706e-17 5.192161e-04 5.192161e-04
3.873874e-01 5.596772e-17 5.137324e-04 5.137324e-04
3.883884e-01 5.716861e-17 5.087852e-04 5.087852e-04
3.893894e-01 5.838796e-17 5.036592e-04 5.036592e-04
3.903904e-01 5.962403e-17 4.992485e-04 4.992485e-04
3.913914e-01 6.087502e-17 4.947782e-04 4.947782e-04
3.923924e-01 6.213914e-17 4.902482e-04 4.902482e-04
3.933934e-01 6.341456e-17 4.857183e-04 4.857183e-04
3.943944e-01 6.469944e-17 4.810095e-04 4.810095e-04
3.953954e-01 6.599195e-17 4.759431e-04 4.759431e-04
3.963964e-01 6.729023e-17 4.711747e-04 4.711747e-04
3.973974e-01 6.859242e-17 4.653931e-04 4.653931e-04
3.983984e-01 6.989663e-17 4.596114e-04 4.596114e-04
3.993994e-01 7.120101e-17 4.529953e-04 4.529953e-04
4.004004e-01 7.250367e-17 4.464984e-04 4.464984e-04
4.014014e-01 7.380273e-17 4.391074e-04 4.391074e-04
4.024024e-01 7.509631e-17 4.314184e-04 4.314184e-04
4.034034e-01 7.638253e-17 4.231334e-04 4.231334e-04
4.044044e-01 7.765954e-17 4.148483e-04 4.148483e-04
4.054054e-01 7.892545e-17 4.065037e-04 4.065037e-04
4.064064e-01 8.017842e-17 3.976822e-04 3.976822e-04
4.074074e-01 8.141659e-17 3.891587e-04 3.891587e-04
4.084084e-01 8.263814e-17 3.802776e-04 3.802776e-04
4.094094e-01 8.384124e-17 3.714561e-04 3.714561e-04
4.104104e-01 8.502410e-17 3.629923e-04 3.629923e-04
4.114114e-01 8.618491e-17 3.549457e-04 3.549457e-04
4.124124e-01 8.732192e-17 3.467798e-04 3.467798e-04
4.134134e-01 8.843338e-17 3.393888e-04 3.393888e-04
4.144144e-01 8.951757e-17 3.322363e-04 3.322363e-04
4.154154e-01 9.057278e-17 3.256798e-04 3.256798e-04
4.164164e-01 9.159735e-17 3.199577e-04 3.199577e-04
4.174174e-01 9.258963e-17 3.140569e-04 3.140569e-04
4.184184e-01 9.354800e-17 3.091097e-04 3.091097e-04
4.194194e-01 9.447088e-17 3.047585e-04 3.047585e-04
4.204204e-01 9.535672e-17 3.007054e-04 3.007054e-04
4.214214e-01 9.620400e-17 2.969503e-04 2.969503e-04
4.224224e-01 9.701125e-17 2.934933e-04 2.934933e-04
4.234234e-01 9.777702e-17 2.903342e-04 2.903342e-04
4.244244e-01 9.849990e-17 2.874136e-04 2.874136e-04
4.254254e-01 9.917853e-17 2.846718e-04 2.846718e-04
4.264264e-01 9.981159e-17 2.821088e-04 2.821088e-04
4.274274e-01 1.003978e-16 2.790093e-04 2.790093e-04
4.284284e-01 1.009359e-16 2.760887e-04 2.760887e-04
4.294294e-01 1.014248e-16 2.733469e-04 2.733469e-04
4.304304e-01 1.018632e-16 2.697706e-04 2.697706e-04
4.314314e-01 1.022501e-16 2.657175e-04 2.657175e-04
4.324324e-01 1.025845e-16 2.619624e-04 2.619624e-04
4.334334e-01 1.028653e-16 2.573729e-04 2.573729e-04
4.344344e-01 1.030916e-16 2.530217e-04 2.530217e-04
4.354354e-01 1.032625e-16 2.478957e-04 2.478957e-04
4.364364e-01 1.033772e-16 2.426505e-04 2.426505e-04
4.374374e-01 1.034348e-16 2.372265e-04 2.372265e-04
4.384384e-01 1.034347e-16 2.315044e-04 2.315044e-04
4.394394e-01 1.033762e-16 2.252460e-04 2.252460e-04
4.404404e-01 1.032586e-16 2.191663e-04 2.191663e-04
4.414414e-01 1.030814e-16 2.129674e-04 2.129674e-04
4.424424e-01 1.028442e-16 2.070665e-04 2.070665e-04
4.434434e-01 1.025463e-16 2.011061e-04 2.011061e-04
4.444444e-01 1.021875e-16 1.953840e-04 1.953840e-04
4.454454e-01 1.017674e-16 1.896024e-04 1.896024e-04
4.464464e-01 1.012857e-16 1.846552e-04 1.846552e-04
4.474474e-01 1.007423e-16 1.798272e-04 1.798272e-04
4.484484e-01 1.001369e-16 1.753569e-04 1.753569e-04
4.494494e-01 9.946952e-17 1.714230e-04 1.714230e-04
4.504505e-01 9.874008e-17 1.680255e-04 1.680255e-04
4.514515e-01 9.794862e-17 1.649857e-04 1.649857e-04
4.524525e-01 9.709521e-17 1.620650e-04 1.620650e-04
4.534535e-01 9.618001e-17 1.600385e-04 1.600385e-04
4.544545e-01 9.520322e-17 1.581907e-04 1.581907e-04
4.554555e-01 9.416510e-17 1.566410e-04 1.566410e-04
4.564565e-01 9.306598e-17 1.555681e-04 1.555681e-04
4.574575e-01 9.190624e-17 1.548529e-04 1.548529e-04
4.584585e-01 9.068633e-17 1.543760e-04 1.543760e-04
4.594595e-01 8.940674e-17 1.541376e-04 1.541376e-04
4.604605e-01 8.806804e-17 1.538992e-04 1.538992e-04
4.614615e-01 8.667083e-17 1.539588e-04 1.539588e-04
4.624625e-01 8.521580e-17 1.547933e-04 1.547933e-04
4.634635e-01 8.370366e-17 1.557469e-04 1.557469e-04
4.644645e-01 8.213521e-17 1.565814e-04 1.565814e-04
4.654655e-01 8.051128e-17 1.582503e-04 1.582503e-04
4.664665e-01 7.883277e-17 1.607537e-04 1.607537e-04
4.674675e-01 7.710062e-17 1.634955e-04 1.634955e-04
4.684685e-01 7.531582e-17 1.667142e-04 1.667142e-04
4.694695e-01 7.347943e-17 1.710653e-04 1.710653e-04
4.704705e-01 7.159254e-17 1.754761e-04 1.754761e-04
4.714715e-01 6.965631e-17 1.806617e-04 1.806617e-04
4.724725e-01 6.767192e-17 1.869202e-04 1.869202e-04
4.734735e-01 6.564062e-17 1.935959e-04 1.935959e-04
4.744745e-01 6.356370e-17 2.012253e-04 2.012253e-04
4.754755e-01 6.144249e-17 2.091527e-04 2.091527e-04
4.764765e-01 5.927836e-17 2.177358e-04 2.177358e-04
4.774775e-01 5.707274e-17 2.266169e-04 2.266169e-04
4.784785e-01 5.482708e-17 2.361536e-04 2.361536e-04
4.794795e-01 5.254287e-17 2.461076e-04 2.461076e-04
4.804805e-01 5.022166e-17 2.561212e-04 2.561212e-04
4.814815e-01 4.786500e-17 2.666712e-04 2.666712e-04
4.824825e-01 4.547451e-17 2.769232e-04 2.769232e-04
4.834835e-01 4.305182e-17 2.872348e-04 2.872348e-04
4.844845e-01 4.059861e-17 2.974868e-04 2.974868e-04
4.854855e-01 3.811656e-17 3.079176e-04 3.079176e-04
4.864865e-01 3.560741e-17 3.179908e-04 3.179908e-04
4.874875e-01 3.307290e-17 3.277063e-04 3.277063e-04
4.884885e-01 3.051483e-17 3.376603e-04 3.376603e-04
4.894895e-01 2.793498e-17 3.475547e-04 3.475547e-04
4.904905e-01 2.533517e-17 3.568530e-04 3.568530e-04
4.914915e-01 2.271726e-17 3.660321e-04 3.660321e-04
4.924925e-01 2.008310e-17 3.750920e-04 3.750920e-04
4.934935e-01 1.743455e-17 3.843307e-04 3.843307e-04
4.944945e-01 1.477352e-17 3.935099e-04 3.935099e-04
4.954955e-01 1.210190e-17 4.028678e-04 4.028678e-04
4.964965e-01 9.421605e-18 4.121661e-04 4.121661e-04
4.974975e-01 6.734550e-18 4.215837e-04 4.215837e-04
4.984985e-01 4.042664e-18 4.312992e-04 4.312992e-04
4.994995e-01 1.347877e-18 4.413128e-04 4.413128e-04
5.005005e-01 -1.347877e-18 4.518628e-04 4.518628e-04
5.015015e-01 -4.042664e-18 4.626513e-04 4.626513e-04
5.025025e-01 -6.734550e-18 4.739165e-04 4.739165e-04
5.035035e-01 -9.421605e-18 4.857183e-04 4.857183e-04
5.045045e-01 -1.210190e-17 4.976392e-04 4.976392e-04
5.055055e-01 -1.477352e-17 5.105734e-04 5.105734e-04
5.065065e-01 -1.743455e-17 5.236864e-04 5.236864e-04
5.075075e-01 -2.008310e-17 5.372167e-04 5.372167e-04
5.085085e-01 -2.271726e-17 5.510449e-04 5.510449e-04
5.095095e-01 -2.533517e-17 5.649328e-04 5.649328e-04
5.105105e-01 -2.793498e-17 5.794764e-04 5.794764e-04
5.115115e-01 -3.051483e-17 5.940199e-04 5.940199e-04
5.125125e-01 -3.307290e-17 6.088614e-04 6.088614e-04
5.135135e-01 -3.560741e-17 6.236434e-04 6.236434e-04
5.145145e-01 -3.811656e-17 6.383061e-04 6.383061e-04
5.155155e-01 -4.059861e-17 6.525517e-04 6.525517e-04
5.165165e-01 -4.305182e-17 6.675124e-04 6.675124e-04
5.175175e-01 -4.547451e-17 6.811023e-04 6.811023e-04
5.185185e-01 -4.786500e-17 6.949902e-04 6.949902e-04
5.195195e-01 -5.022166e-17 7.085800e-04 7.085800e-04
5.205205e-01 -5.254287e-17 7.215738e-04 7.215738e-04
5.215215e-01 -5.482708e-17 7.341504e-04 7.341504e-04
5.225225e-01 -5.707274e-17 7.464290e-04 7.464290e-04
5.235235e-01 -5.927836e-17 7.579327e-04 7.579327e-04
5.245245e-01 -6.144249e-17 7.695556e-04 7.695556e-04
5.255255e-01 -6.356370e-17 7.803440e-04 7.803440e-04
5.265265e-01 -6.564062e-17 7.912517e-04 7.912517e-04
5.275275e-01 -6.767192e-17 8.017421e-04 8.017421e-04
5.285285e-01 -6.965631e-17 8.119941e-04 8.119941e-04
5.295295e-01 -7.159254e-17 8.226633e-04 8.226633e-04
5.305305e-01 -7.347943e-17 8.327961e-04 8.327961e-04
5.315315e-01 -7.531582e-17 8.432865e-04 8.432865e-04
5.325325e-01 -7.710062e-17 8.540750e-04 8.540750e-04
5.335335e-01 -7.883277e-17 8.648038e-04 8.648038e-04
5.345345e-01 -8.051128e-17 8.758903e-04 8.758903e-04
5.355355e-01 -8.213521e-17 8.876324e-04 8.876324e-04
5.365365e-01 -8.370366e-17 8.993745e-04 8.993745e-04
5.375375e-01 -8.521580e-17 9.115934e-04 9.115934e-04
5.385385e-01 -8.667083e-17 9.244084e-04 9.244084e-04
5.395395e-01 -8.806804e-17 9.374022e-04 9.374022e-04
5.405405e-01 -8.940674e-17 9.507537e-04 9.507537e-04
5.415415e-01 -9.068633e-17 9.652376e-04 9.652376e-04
5.425425e-01 -9.190624e-17 9.793043e-04 9.793043e-04
5.435435e-01 -9.306598e-17 9.939671e-04 9.939671e-04
5.445445e-01 -9.416510e-17 1.009047e-03 1.009047e-03
5.455455e-01 -9.520322e-17 1.024127e-03 1.024127e-03
5.465465e-01 -9.618001e-17 1.039624e-03 1.039624e-03
5.475475e-01 -9.709521e-17 1.054823e-03 1.054823e-03
5.485485e-01 -9.794862e-17 1.070142e-03 1.070142e-03
5.495495e-01 -9.874008e-17 1.085222e-03 1.085222e-03
5.505506e-01 -9.946952e-17 1.100361e-03 1.100361e-03
5.515516e-01 -1.001369e-16 1.115084e-03 1.115084e-03
5.525526e-01 -1.007423e-16 1.129389e-03 1.129389e-03
5.535536e-01 -1.012857e-16 1.143157e-03 1.143157e-03
5.545546e-01 -1.017674e-16 1.156867e-03 1.156867e-03
5.555556e-01 -1.021875e-16 1.169920e-03 1.169920e-03
5.565566e-01 -1.025463e-16 1.182318e-03 1.182318e-03
5.575576e-01 -1.028442e-16 1.194417e-03 1.194417e-03
5.585586e-01 -1.030814e-16 1.205504e-03 1.205504e-03
5.595596e-01 -1.032586e-16 1.216590e-03 1.216590e-03
5.605606e-01 -1.033762e-16 1.226723e-03 1.226723e-03
5.615616e-01 -1.034347e-16 1.236379e-03 1.236379e-03
5.625626e-01 -1.034348e-16 1.245558e-03 1.245558e-03
5.635636e-01 -1.033772e-16 1.254201e-03 1.254201e-03
5.645646e-01 -1.032625e-16 1.262307e-03 1.262307e-03
5.655656e-01 -1.030916e-16 1.270354e-03 1.270354e-03
5.665666e-01 -1.028653e-16 1.277506e-03 1.277506e-03
5.675676e-01 -1.025845e-16 1.284897e-03 1.284897e-03
5.685686e-01 -1.022501e-16 1.292109e-03 1.292109e-03
5.695696e-01 -1.018632e-16 1.299143e-03 1.299143e-03
5.705706e-01 -1.014248e-16 1.305938e-03 1.305938e-03
5.715716e-01 -1.009359e-16 1.313031e-03 1.313031e-03
5.725726e-01 -1.003978e-16 1.319885e-03 1.319885e-03
5.735736e-01 -9.981159e-17 1.326919e-03 1.326919e-03
5.745746e-01 -9.917853e-17 1.334369e-03 1.334369e-03
5.755756e-01 -9.849990e-17 1.341403e-03 1.341403e-03
5.765766e-01 -9.777702e-17 1.349032e-03 1.349032e-03
5.775776e-01 -9.701125e-17 1.357019e-03 1.357019e-03
5.785786e-01 -9.620400e-17 1.365364e-03 1.365364e-03
5.795796e-01 -9.535672e-17 1.373589e-03 1.373589e-03
5.805806e-01 -9.447088e-17 1.382411e-03 1.382411e-03
5.815816e-01 -9.354800e-17 1.391709e-03 1.391709e-03
5.825826e-01 -9.258963e-17 1.400769e-03 1.400769e-03
5.835836e-01 -9.159735e-17 1.410306e-03 1.410306e-03
5.845846e-01 -9.057278e-17 1.420438e-03 1.420438e-03
5.855856e-01 -8.951757e-17 1.430750e-03 1.430750e-03
5.865866e-01 -8.843338e-17 1.440406e-03 1.440406e-03
5.875876e-01 -8.732192e-17 1.450717e-03 1.450717e-03
5.885886e-01 -8.618491e-17 1.460552e-03 1.460552e-03
5.895896e-01 -8.502410e-17 1.470685e-03 1.470685e-03
5.905906e-01 -8.384124e-17 1.480579e-03 1.480579e-03
5.915916e-01 -8.263814e-17 1.490295e-03 1.490295e-03
5.925926e-01 -8.141659e-17 1.500070e-03 1.500070e-03
5.935936e-01 -8.017842e-17 1.509130e-03 1.509130e-03
5.945946e-01 -7.892545e-17 1.518130e-03 1.518130e-03
5.955956e-01 -7.765954e-17 1.526952e-03 1.526952e-03
5.965966e-01 -7.638253e-17 1.534641e-03 1.534641e-03
5.975976e-01 -7.509631e-17 1.542330e-03 1.542330e-03
5.985986e-01 -7.380273e-17 1.549900e-03 1.549900e-03
5.995996e-01 -7.250367e-17 1.557052e-03 1.557052e-03
6.006006e-01 -7.120101e-17 1.563370e-03 1.563370e-03
6.016016e-01 -6.989663e-17 1.569748e-03 1.569748e-03
6.026026e-01 -6.859242e-17 1.575828e-03 1.575828e-03
6.036036e-01 -6.729023e-17 1.581371e-03 1.581371e-03
6.046046e-01 -6.599195e-17 1.587391e-03 1.587391e-03
6.056056e-01 -6.469944e-17 1.592517e-03 1.592517e-03
6.066066e-01 -6.341456e-17 1.597822e-03 1.597822e-03
6.076076e-01 -6.213914e-17 1.603305e-03 1.603305e-03
6.086086e-01 -6.087502e-17 1.608789e-03 1.608789e-03
6.096096e-01 -5.962403e-17 1.614332e-03 1.614332e-03
6.106106e-01 -5.838796e-17 1.619875e-03 1.619875e-03
6.116116e-01 -5.716861e-17 1.626015e-03 1.626015e-03
6.126126e-01 -5.596772e-17 1.632273e-03 1.632273e-03
6.136136e-01 -5.478706e-17 1.638532e-03 1.638532e-03
6.146146e-01 -5.362834e-17 1.645505e-03 1.645505e-03
6.156156e-01 -5.249326e-17 1.652718e-03 1.652718e-03
6.166166e-01 -5.138349e-17 1.660228e-03 1.660228e-03
6.176176e-01 -5.030067e-17 1.668036e-03 1.668036e-03
6.186186e-01 -4.924642e-17 1.676261e-03 1.676261e-03
6.196196e-01 -4.822231e-17 1.684546e-03 1.684546e-03
6.206206e-01 -4.722990e-17 1.693666e-03 1.693666e-03
6.216216e-01 -4.627069e-17 1.702368e-03 1.702368e-03
6.226226e-01 -4.534617e-17 1.711309e-03 1.711309e-03
6.236236e-01 -4.445778e-17 1.721025e-03 1.721025e-03
6.246246e-01 -4.360692e-17 1.731098e-03 1.731098e-03
6.256256e-01 -4.279495e-17 1.740575e-03 1.740575e-03
6.266266e-01 -4.202319e-17 1.750350e-03 1.750350e-03
6.276276e-01 -4.129291e-17 1.760602e-03 1.760602e-03
6.286286e-01 -4.060535e-17 1.770258e-03 1.770258e-03
6.296296e-01 -3.996170e-17 1.780212e-03 1.780212e-03
6.306306e-01 -3.936309e-17 1.790226e-03 1.790226e-03
6.316316e-01 -3.881062e-17 1.800358e-03 1.800358e-03
6.326326e-01 -3.830533e-17 1.810253e-03 1.810253e-03
6.336336e-01 -3.784821e-17 1.820505e-03 1.820505e-03
6.346346e-01 -3.744021e-17 1.830578e-03 1.830578e-03
6.356356e-01 -3.708221e-17 1.840889e-03 1.840889e-03
6.366366e-01 -3.677505e-17 1.851201e-03 1.851201e-03
6.376376e-01 -3.651952e-17 1.861632e-03 1.861632e-03
6.386386e-01 -3.631634e-17 1.872063e-03 1.872063e-03
6.396396e-01 -3.616619e-17 1.882732e-03 1.882732e-03
6.406406e-01 -3.606969e-17 1.893878e-03 1.893878e-03
6.416416e-01 -3.602739e-17 1.904726e-03 1.904726e-03
6.426426e-01 -3.603980e-17 1.916289e-03 1.916289e-03
6.436436e-01 -3.610737e-17 1.928091e-03 1.928091e-03
6.446446e-01 -3.623048e-17 1.939952e-03 1.939952e-03
6.456456e-01 -3.640947e-17 1.952648e-03 1.952648e-03
6.466466e-01 -3.664460e-17 1.965165e-03 1.965165e-03
6.476476e-01 -3.693609e-17 1.978695e-03 1.978695e-03
6.486486e-01 -3.728408e-17 1.992285e-03 1.992285e-03
6.496496e-01 -3.768868e-17 2.006292e-03 2.006292e-03
6.506507e-01 -3.814991e-17 2.021015e-03 2.021015e-03
6.516517e-01 -3.866774e-17 2.036452e-03 2.036452e-03
6.526527e-01 -3.924210e-17 2.051890e-03 2.051890e-03
6.536537e-01 -3.987283e-17 2.068281e-03 2.068281e-03
6.546547e-01 -4.055972e-17 2.084613e-03 2.084613e-03
6.556557e-01 -4.130252e-17 2.102435e-03 2.102435e-03
6.566567e-01 -4.210090e-17 2.120733e-03 2.120733e-03
6.576577e-01 -4.295448e-17 2.139688e-03 2.139688e-03
6.586587e-01 -4.386281e-17 2.159059e-03 2.159059e-03
6.596597e-01 -4.482539e-17 2.179623e-03 2.179623e-03
6.606607e-01 -4.584168e-17 2.200663e-03 2.200663e-03
6.616617e-01 -4.691104e-17 2.222419e-03 2.222419e-03
6.626627e-01 -4.803283e-17 2.244830e-03 2.244830e-03
6.636637e-01 -4.920630e-17 2.268612e-03 2.268612e-03
6.646647e-01 -5.043068e-17 2.292573e-03 2.292573e-03
6.656657e-01 -5.170513e-17 2.318025e-03 2.318025e-03
6.666667e-01 -5.302876e-17 2.344131e-03 2.344131e-03
6.676677e-01 -5.440064e-17 2.370417e-03 2.370417e-03
6.686687e-01 -5.581977e-17 2.397597e-03 2.397597e-03
6.696697e-01 -5.728510e-17 2.425909e-03 2.425909e-03
6.706707e-01 -5.879554e-17 2.454519e-03 2.454519e-03
6.716717e-01 -6.034996e-17 2.484143e-03 2.484143e-03
6.726727e-01 -6.194715e-17 2.514005e-03 2.514005e-03
6.736737e-01 -6.358590e-17 2.544701e-03 2.544701e-03
6.746747e-01 -6.526490e-17 2.575874e-03 2.575874e-03
6.756757e-01 -6.698284e-17 2.607465e-03 2.607465e-03
6.766767e-01 -6.873836e-17 2.639592e-03 2.639592e-03
6.776777e-01 -7.053003e-17 2.672076e-03 2.672076e-03
6.786787e-01 -7.235643e-17 2.704918e-03 2.704918e-03
6.796797e-01 -7.421604e-17 2.738178e-03 2.738178e-03
6.806807e-01 -7.610736e-17 2.771556e-03 2.771556e-03
6.816817e-01 -7.802882e-17 2.805233e-03 2.805233e-03
6.826827e-01 -7.997883e-17 2.839446e-03 2.839446e-03
6.836837e-01 -8.195577e-17 2.874017e-03 2.874017e-03
6.846847e-01 -8.395797e-17 2.908528e-03 2.908528e-03
6.856857e-01 -8.598375e-17 2.943397e-03 2.943397e-03
6.866867e-01 -8.803140e-17 2.978802e-03 2.978802e-03
6.876877e-01 -9.009917e-17 3.013790e-03 3.013790e-03
6.886887e-01 -9.218531e-17 3.049731e-03 3.049731e-03
6.896897e-01 -9.428802e-17 3.086030e-03 3.086030e-03
6.906907e-01 -9.640551e-17 3.121853e-03 3.121853e-03
6.916917e-01 -9.853594e-17 3.158271e-03 3.158271e-03
6.926927e-01 -1.006775e-16 3.195643e-03 3.195643e-03
6.936937e-01 -1.028282e-16 3.232956e-03 3.232956e-03
6.946947e-01 -1.049864e-16 3.270566e-03 3.270566e-03
6.956957e-01 -1.071500e-16 3.308356e-03 3.308356e-03
6.966967e-01 -1.093173e-16 3.346741e-03 3.346741e-03
6.976977e-01 -1.114862e-16 3.385365e-03 3.385365e-03
6.986987e-01 -1.136549e-16 3.424466e-03 3.424466e-03
6.996997e-01 -1.158215e-16 3.463864e-03 3.463864e-03
7.007007e-01 -1.179841e-16 3.503263e-03 3.503263e-03
7.017017e-01 -1.201407e-16 3.543317e-03 3.543317e-03
7.027027e-01 -1.222895e-16 3.583372e-03 3.583372e-03
7.037037e-01 -1.244285e-16 3.623486e-03 3.623486e-03
7.047047e-01 -1.265559e-16 3.663719e-03 3.663719e-03
7.057057e-01 -1.286696e-16 3.704727e-03 3.704727e-03
7.067067e-01 -1.307679e-16 3.745198e-03 3.745198e-03
7.077077e-01 -1.328489e-16 3.785729e-03 3.785729e-03
7.087087e-01 -1.349107e-16 3.827393e-03 3.827393e-03
7.097097e-01 -1.369514e-16 3.868401e-03 3.868401e-03
7.107107e-01 -1.389693e-16 3.909409e-03 3.909409e-03
7.117117e-01 -1.409625e-16 3.951252e-03 3.951252e-03
7.127127e-01 -1.429292e-16 3.992558e-03 3.992558e-03
7.137137e-01 -1.448676e-16 4.034102e-03 4.034102e-03
7.147147e-01 -1.467761e-16 4.076004e-03 4.076004e-03
7.157157e-01 -1.486528e-16 4.117966e-03 4.117966e-03
7.167167e-01 -1.504960e-16 4.160643e-03 4.160643e-03
7.177177e-01 -1.523042e-16 4.202962e-03 4.202962e-03
7.187187e-01 -1.540757e-16 4.245818e-03 4.245818e-03
7.197197e-01 -1.558088e-16 4.288852e-03 4.288852e-03
7.207207e-01 -1.575020e-16 4.332840e-03 4.332840e-03
7.217217e-01 -1.591537e-16 4.376590e-03 4.376590e-03
7.227227e-01 -1.607625e-16 4.421294e-03 4.421294e-03
7.237237e-01 -1.623268e-16 4.466057e-03 4.466057e-03
7.247247e-01 -1.638454e-16 4.511416e-03 4.511416e-03
7.257257e-01 -1.653167e-16 4.557073e-03 4.557073e-03
7.267267e-01 -1.667394e-16 4.603386e-03 4.603386e-03
7.277277e-01 -1.681122e-16 4.650176e-03 4.650176e-03
7.287287e-01 -1.694340e-16 4.697144e-03 4.697144e-03
7.297297e-01 -1.707034e-16 4.744112e-03 4.744112e-03
7.307307e-01 -1.719193e-16 4.792094e-03 4.792094e-03
7.317317e-01 -1.730806e-16 4.840195e-03 4.840195e-03
7.327327e-01 -1.741863e-16 4.888237e-03 4.888237e-03
7.337337e-01 -1.752353e-16 4.936218e-03 4.936218e-03
7.347347e-01 -1.762267e-16 4.985213e-03 4.985213e-03
7.357357e-01 -1.771595e-16 5.033910e-03 5.033910e-03
7.367367e-01 -1.780329e-16 5.082250e-03 5.082250e-03
7.377377e-01 -1.788461e-16 5.130529e-03 5.130529e-03
7.387387e-01 -1.795984e-16 5.179405e-03 5.179405e-03
7.397397e-01 -1.802890e-16 5.227804e-03 5.227804e-03
7.407407e-01 -1.809174e-16 5.276263e-03 5.276263e-03
7.417417e-01 -1.814830e-16 5.324721e-03 5.324721e-03
7.427427e-01 -1.819851e-16 5.373120e-03 5.373120e-03
7.437437e-01 -1.824235e-16 5.421340e-03 5.421340e-03
7.447447e-01 -1.827976e-16 5.470037e-03 5.470037e-03
7.457457e-01 -1.831072e-16 5.518794e-03 5.518794e-03
7.467467e-01 -1.833519e-16 5.567014e-03 5.567014e-03
7.477477e-01 -1.835315e-16 5.616724e-03 5.616724e-03
7.487487e-01 -1.836459e-16 5.665123e-03 5.665123e-03
7.497497e-01 -1.836950e-16 5.714834e-03 5.714834e-03
7.507508e-01 -1.836786e-16 5.764186e-03 5.764186e-03
7.517518e-01 -1.835969e-16 5.814493e-03 5.814493e-03
7.527528e-01 -1.834499e-16 5.865395e-03 5.865395e-03
7.537538e-01 -1.832377e-16 5.916595e-03 5.916595e-03
7.547548e-01 -1.829605e-16 5.968153e-03 5.968153e-03
7.557558e-01 -1.826186e-16 6.020427e-03 6.020427e-03
7.567568e-01 -1.822123e-16 6.072998e-03 6.072998e-03
7.577578e-01 -1.817420e-16 6.126106e-03 6.126106e-03
7.587588e-01 -1.812081e-16 6.179988e-03 6.179988e-03
7.597598e-01 -1.806111e-16 6.234825e-03 6.234825e-03
7.607608e-01 -1.799515e-16 6.289661e-03 6.289661e-03
7.617618e-01 -1.792299e-16 6.345212e-03 6.345212e-03
7.627628e-01 -1.784471e-16 6.401539e-03 6.401539e-03
7.637638e-01 -1.776037e-16 6.458223e-03 6.458223e-03
7.647648e-01 -1.767004e-16 6.515324e-03 6.515324e-03
7.657658e-01 -1.757382e-16 6.572783e-03 6.572783e-03
7.667668e-01 -1.747180e-16 6.631434e-03 6.631434e-03
7.677678e-01 -1.736405e-16 6.690145e-03 6.690145e-03
7.687688e-01 -1.725069e-16 6.749034e-03 6.749034e-03
7.697698e-01 -1.713181e-16 6.808281e-03 6.808281e-03
7.707708e-01 -1.700753e-16 6.868541e-03 6.868541e-03
7.717718e-01 -1.687796e-16 6.928802e-03 6.928802e-03
7.727728e-01 -1.674321e-16 6.988943e-03 6.988943e-03
7.737738e-01 -1.660342e-16 7.049441e-03 7.049441e-03
7.747748e-01 -1.645870e-16 7.110596e-03 7.110596e-03
7.757758e-01 -1.630919e-16 7.172048e-03 7.172048e-03
7.767768e-01 -1.615503e-16 7.233620e-03 7.233620e-03
7.777778e-01 -1.599636e-16 7.295310e-03 7.295310e-03
7.787788e-01 -1.583331e-16 7.357597e-03 7.357597e-03
7.797798e-01 -1.566605e-16 7.420301e-03 7.420301e-03
7.807808e-01 -1.549471e-16 7.483304e-03 7.483304e-03
7.817818e-01 -1.531946e-16 7.546365e-03 7.546365e-03
7.827828e-01 -1.514046e-16 7.610500e-03 7.610500e-03
7.837838e-01 -1.495787e-16 7.674873e-03 7.674873e-03
7.847848e-01 -1.477185e-16 7.739663e-03 7.739663e-03
7.857858e-01 -1.458257e-16 7.804990e-03 7.804990e-03
7.867868e-01 -1.439021e-16 7.871687e-03 7.871687e-03
7.877878e-01 -1.419493e-16 7.938564e-03 7.938564e-03
7.887888e-01 -1.399691e-16 8.006990e-03 8.006990e-03
7.897898e-01 -1.379634e-16 8.076251e-03 8.076251e-03
7.907908e-01 -1.359338e-16 8.145690e-03 8.145690e-03
7.917918e-01 -1.338823e-16 8.217275e-03 8.217275e-03
7.927928e-01 -1.318107e-16 8.289576e-03 8.289576e-03
7.937938e-01 -1.297208e-16 8.363068e-03 8.363068e-03
7.947948e-01 -1.276145e-16 8.437634e-03 8.437634e-03
7.957958e-01 -1.254938e-16 8.513331e-03 8.513331e-03
7.967968e-01 -1.233604e-16 8.590043e-03 8.590043e-03
7.977978e-01 -1.212162e-16 8.668303e-03 8.668303e-03
7.987988e-01 -1.190633e-16 8.747697e-03 8.747697e-03
7.997998e-01 -1.169035e-16 8.828282e-03 8.828282e-03
8.008008e-01 -1.147386e-16 8.909345e-03 8.909345e-03
8.018018e-01 -1.125707e-16 8.991838e-03 8.991838e-03
8.028028e-01 -1.104017e-16 9.076118e-03 9.076118e-03
8.038038e-01 -1.082333e-16 9.160042e-03 9.160042e-03
8.048048e-01 -1.060677e-16 9.245217e-03 9.245217e-03
8.058058e-01 -1.039065e-16 9.332359e-03 9.332359e-03
8.068068e-01 -1.017518e-16 9.419858e-03 9.419858e-03
8.078078e-01 -9.960543e-17 9.507895e-03 9.507895e-03
8.088088e-01 -9.746922e-17 9.597182e-03 9.597182e-03
8.098098e-01 -9.534503e-17 9.687841e-03 9.687841e-03
8.108108e-01 -9.323470e-17 9.778798e-03 9.778798e-03
8.118118e-01 -9.114005e-17 9.871244e-03 9.871244e-03
8.128128e-01 -8.906288e-17 9.964287e-03 9.964287e-03
8.138138e-01 -8.700495e-17 1.005906e-02 1.005906e-02
8.148148e-01 -8.496802e-17 1.015419e-02 1.015419e-02
8.158158e-01 -8.295381e-17 1.025081e-02 1.025081e-02
8.168168e-01 -8.096404e-17 1.034832e-02 1.034832e-02
8.178178e-01 -7.900036e-17 1.044732e-02 1.044732e-02
8.188188e-01 -7.706442e-17 1.054776e-02 1.054776e-02
8.198198e-01 -7.515784e-17 1.064914e-02 1.064914e-02
8.208208e-01 -7.328217e-17 1.075214e-02 1.075214e-02
8.218218e-01 -7.143898e-17 1.085609e-02 1.085609e-02
8.228228e-01 -6.962977e-17 1.096195e-02 1.096195e-02
8.238238e-01 -6.785599e-17 1.106822e-02 1.106822e-02
8.248248e-01 -6.611909e-17 1.117665e-02 1.117665e-02
8.258258e-01 -6.442045e-17 1.128644e-02 1.128644e-02
8.268268e-01 -6.276141e-17 1.139760e-02 1.139760e-02
8.278278e-01 -6.114329e-17 1.151013e-02 1.151013e-02
8.288288e-01 -5.956733e-17 1.162422e-02 1.162422e-02
8.298298e-01 -5.803475e-17 1.173937e-02 1.173937e-02
8.308308e-01 -5.654672e-17 1.185638e-02 1.185638e-02
8.318318e-01 -5.510436e-17 1.197481e-02 1.197481e-02
8.328328e-01 -5.370873e-17 1.209497e-02 1.209497e-02
8.338338e-01 -5.236085e-17 1.221651e-02 1.221651e-02
8.348348e-01 -5.106170e-17 1.234007e-02 1.234007e-02
8.358358e-01 -4.981217e-17 1.246482e-02 1.246482e-02
8.368368e-01 -4.861315e-17 1.259112e-02 1.259112e-02
8.378378e-01 -4.746543e-17 1.271957e-02 1.271957e-02
8.388388e-01 -4.636976e-17 1.284975e-02 1.284975e-02
8.398398e-01 -4.532686e-17 1.298106e-02 1.298106e-02
8.408408e-01 -4.433735e-17 1.311445e-02 1.311445e-02
8.418418e-01 -4.340183e-17 1.324987e-02 1.324987e-02
8.428428e-01 -4.252082e-17 1.338691e-02 1.338691e-02
8.438438e-01 -4.169479e-17 1.352566e-02 1.352566e-02
8.448448e-01 -4.092416e-17 1.366627e-02 1.366627e-02
8.458458e-01 -4.020927e-17 1.380879e-02 1.380879e-02
8.468468e-01 -3.955043e-17 1.395291e-02 1.395291e-02
8.478478e-01 -3.894786e-17 1.409912e-02 1.409912e-02
8.488488e-01 -3.840175e-17 1.424724e-02 1.424724e-02
8.498498e-01 -3.791221e-17 1.439685e-02 1.439685e-02
8.508509e-01 -3.747930e-17 1.454860e-02 1.454860e-02
8.518519e-01 -3.710302e-17 1.470202e-02 1.470202e-02
8.528529e-01 -3.678329e-17 1.485741e-02 1.485741e-02
8.538539e-01 -3.652000e-17 1.501507e-02 1.501507e-02
8.548549e-01 -3.631298e-17 1.517391e-02 1.517391e-02
8.558559e-01 -3.616196e-17 1.533502e-02 1.533502e-02
8.568569e-01 -3.606667e-17 1.549888e-02 1.549888e-02
8.578579e-01 -3.602673e-17 1.566392e-02 1.566392e-02
8.588589e-01 -3.604173e-17 1.583129e-02 1.583129e-02
8.598599e-01 -3.611120e-17 1.600128e-02 1.600128e-02
8.608609e-01 -3.623460e-17 1.617289e-02 1.617289e-02
8.618619e-01 -3.641134e-17 1.634747e-02 1.634747e-02
8.628629e-01 -3.664079e-17 1.652414e-02 1.652414e-02
8.638639e-01 -3.692222e-17 1.670325e-02 1.670325e-02
8.648649e-01 -3.725490e-17 1.688486e-02 1.688486e-02
8.658659e-01 -3.763801e-17 1.706904e-02 1.706904e-02
8.668669e-01 -3.807069e-17 1.725596e-02 1.725596e-02
8.678679e-01 -3.855201e-17 1.744539e-02 1.744539e-02
8.688689e-01 -3.908102e-17 1.763719e-02 1.763719e-02
8.698699e-01 -3.965670e-17 1.783222e-02 1.783222e-02
8.708709e-01 -4.027797e-17 1.802999e-02 1.802999e-02
8.718719e-01 -4.094372e-17 1.823026e-02 1.823026e-02
8.728729e-01 -4.165279e-17 1.843333e-02 1.843333e-02
8.738739e-01 -4.240396e-17 1.863921e-02 1.863921e-02
8.748749e-01 -4.319599e-17 1.884806e-02 1.884806e-02
8.758759e-01 -4.402758e-17 1.905966e-02 1.905966e-02
8.768769e-01 -4.489737e-17 1.927406e-02 1.927406e-02
8.778779e-01 -4.580401e-17 1.949173e-02 1.949173e-02
8.788789e-01 -4.674605e-17 1.971167e-02 1.971167e-02
8.798799e-01 -4.772205e-17 1.993489e-02 1.993489e-02
8.808809e-01 -4.873050e-17 2.016050e-02 2.016050e-02
8.818819e-01 -4.976987e-17 2.038938e-02 2.038938e-02
8.828829e-01 -5.083861e-17 2.062106e-02 2.062106e-02
8.838839e-01 -5.193511e-17 2.085549e-02 2.085549e-02
8.848849e-01 -5.305774e-17 2.109331e-02 2.109331e-02
8.858859e-01 -5.420485e-17 2.133387e-02 2.133387e-02
8.868869e-01 -5.537476e-17 2.157754e-02 2.157754e-02
8.878879e-01 -5.656575e-17 2.182466e-02 2.182466e-02
8.888889e-01 -5.777609e-17 2.207446e-02 2.207446e-02
8.898899e-01 -5.900402e-17 2.232754e-02 2.232754e-02
8.908909e-01 -6.024777e-17 2.258492e-02 2.258492e-02
8.918919e-01 -6.150555e-17 2.284515e-02 2.284515e-02
8.928929e-01 -6.277555e-17 2.310932e-02 2.310932e-02
8.938939e-01 -6.405593e-17 2.337682e-02 2.337682e-02
8.948949e-01 -6.534486e-17 2.364838e-02 2.364838e-02
8.958959e-01 -6.664049e-17 2.392340e-02 2.392340e-02
8.968969e-01 -6.794095e-17 2.420270e-02 2.420270e-02
8.978979e-01 -6.924439e-17 2.448660e-02 2.448660e-02
8.988989e-01 -7.054892e-17 2.477413e-02 2.477413e-02
8.998999e-01 -7.185267e-17 2.506620e-02 2.506620e-02
9.009009e-01 -7.315377e-17 2.536261e-02 2.536261e-02
9.019019e-01 -7.445032e-17 2.566320e-02 2.566320e-02
9.029029e-01 -7.574046e-17 2.596879e-02 2.596879e-02
9.039039e-01 -7.702230e-17 2.627885e-02 2.627885e-02
9.049049e-01 -7.829399e-17 2.659357e-02 2.659357e-02
9.059059e-01 -7.955367e-17 2.691275e-02 2.691275e-02
9.069069e-01 -8.079947e-17 2.723682e-02 2.723682e-02
9.079079e-01 -8.202956e-17 2.756584e-02 2.756584e-02
9.089089e-01 -8.324211e-17 2.789956e-02 2.789956e-02
9.099099e-01 -8.443531e-17 2.823794e-02 2.823794e-02
9.109109e-01 -8.560737e-17 2.858156e-02 2.858156e-02
9.119119e-01 -8.675650e-17 2.892971e-02 2.892971e-02
9.129129e-01 -8.788096e-17 2.928293e-02 2.928293e-02
9.139139e-01 -8.897899e-17 2.964097e-02 2.964097e-02
9.149149e-01 -9.004890e-17 3.000385e-02 3.000385e-02
9.159159e-01 -9.108900e-17 3.037250e-02 3.037250e-02
9.169169e-01 -9.209763e-17 3.074527e-02 3.074527e-02
9.179179e-01 -9.307315e-17 3.112406e-02 3.112406e-02
9.189189e-01 -9.401397e-17 3.150749e-02 3.150749e-02
9.199199e-01 -9.491852e-17 3.189623e-02 3.189623e-02
9.209209e-01 -9.578527e-17 3.229105e-02 3.229105e-02
9.219219e-01 -9.661272e-17 3.269035e-02 3.269035e-02
9.229229e-01 -9.739941e-17 3.309554e-02 3.309554e-02
9.239239e-01 -9.814390e-17 3.350663e-02 3.350663e-02
9.249249e-01 -9.884483e-17 3.392369e-02 3.392369e-02
9.259259e-01 -9.950084e-17 3.434628e-02 3.434628e-02
9.269269e-01 -1.001106e-16 3.477538e-02 3.477538e-02
9.279279e-01 -1.006729e-16 3.521049e-02 3.521049e-02
9.289289e-01 -1.011866e-16 3.565258e-02 3.565258e-02
9.299299e-01 -1.016504e-16 3.610069e-02 3.610069e-02
9.309309e-01 -1.020632e-16 3.655541e-02 3.655541e-02
9.319319e-01 -1.024239e-16 3.701741e-02 3.701741e-02
9.329329e-01 -1.027316e-16 3.748584e-02 3.748584e-02
9.339339e-01 -1.029853e-16 3.796202e-02 3.796202e-02
9.349349e-01 -1.031840e-16 3.844565e-02 3.844565e-02
9.359359e-01 -1.033269e-16 3.893632e-02 3.893632e-02
9.369369e-01 -1.034132e-16 3.943491e-02 3.943491e-02
9.379379e-01 -1.034420e-16 3.994077e-02 3.994077e-02
9.389389e-01 -1.034128e-16 4.045498e-02 4.045498e-02
9.399399e-01 -1.033248e-16 4.097736e-02 4.097736e-02
9.409409e-01 -1.031775e-16 4.150784e-02 4.150784e-02
9.419419e-01 -1.029703e-16 4.204667e-02 4.204667e-02
9.429429e-01 -1.027028e-16 4.259354e-02 4.259354e-02
9.439439e-01 -1.023745e-16 4.314941e-02 4.314941e-02
9.449449e-01 -1.019851e-16 4.371452e-02 4.371452e-02
9.459459e-01 -1.015342e-16 4.428792e-02 4.428792e-02
9.469469e-01 -1.010217e-16 4.487067e-02 4.487067e-02
9.479479e-01 -1.004473e-16 4.546291e-02 4.546291e-02
9.489489e-01 -9.981097e-17 4.606414e-02 4.606414e-02
9.499499e-01 -9.911256e-17 4.667550e-02 4.667550e-02
9.509510e-01 -9.835210e-17 4.729658e-02 4.729658e-02
9.519520e-01 -9.752965e-17 4.792762e-02 4.792762e-02
9.529530e-01 -9.664532e-17 4.856884e-02 4.856884e-02
9.539540e-01 -9.569930e-17 4.922020e-02 4.922020e-02
9.549550e-01 -9.469180e-17 4.988337e-02 4.988337e-02
9.559560e-01 -9.362314e-17 5.055684e-02 5.055684e-02
9.569570e-01 -9.249366e-17 5.124122e-02 5.124122e-02
9.579580e-01 -9.130378e-17 5.193800e-02 5.193800e-02
9.589590e-01 -9.005396e-17 5.264610e-02 5.264610e-02
9.599600e-01 -8.874474e-17 5.336565e-02 5.336565e-02
9.609610e-01 -8.737670e-17 5.409819e-02 5.409819e-02
9.619620e-01 -8.595050e-17 5.484337e-02 5.484337e-02
9.629630e-01 -8.446682e-17 5.560166e-02 5.560166e-02
9.639640e-01 -8.292643e-17 5.637252e-02 5.637252e-02
9.649650e-01 -8.133013e-17 5.715692e-02 5.715692e-02
9.659660e-01 -7.967879e-17 5.795503e-02 5.795503e-02
9.669670e-01 -7.797334e-17 5.876768e-02 5.876768e-02
9.679680e-01 -7.621473e-17 5.959457e-02 5.959457e-02
9.689690e-01 -7.440401e-17 6.043631e-02 6.043631e-02
9.699700e-01 -7.254223e-17 6.129265e-02 6.129265e-02
9.709710e-01 -7.063052e-17 6.216478e-02 6.216478e-02
9.719720e-01 -6.867005e-17 6.305176e-02 6.305176e-02
9.729730e-01 -6.666205e-17 6.395543e-02 6.395543e-02
9.739740e-01 -6.460778e-17 6.487501e-02 6.487501e-02
9.749750e-01 -6.250854e-17 6.581116e-02 6.581116e-02
9.759760e-01 -6.036570e-17 6.676459e-02 6.676459e-02
9.769770e-01 -5.818065e-17 6.773543e-02 6.773543e-02
9.779780e-01 -5.595482e-17 6.872362e-02 6.872362e-02
9.789790e-01 -5.368970e-17 6.972998e-02 6.972998e-02
9.799800e-01 -5.138679e-17 7.075542e-02 7.075542e-02
9.809810e-01 -4.904766e-17 7.180005e-02 7.180005e-02
9.819820e-01 -4.667388e-17 7.286400e-02 7.286400e-02
9.829830e-01 -4.426709e-17 7.394820e-02 7.394820e-02
9.839840e-01 -4.182893e-17 7.505196e-02 7.505196e-02
9.849850e-01 -3.936108e-17 7.617801e-02 7.617801e-02
9.859860e-01 -3.686526e-17 7.732570e-02 7.732570e-02
9.869870e-01 -3.434321e-17 7.849532e-02 7.849532e-02
9.879880e-01 -3.179670e-17 7.968825e-02 7.968825e-02
9.889890e-01 -2.922751e-17 8.090442e-02 8.090442e-02
9.899900e-01 -2.663745e-17 8.214456e-02 8.214456e-02
9.909910e-01 -2.402837e-17 8.340961e-02 8.340961e-02
9.919920e-01 -2.140209e-17 8.470005e-02 8.470005e-02
9.929930e-01 -1.876050e-17 8.601743e-02 8.601743e-02
9.939940e-01 -1.610548e-17 8.736080e-02 8.736080e-02
9.949950e-01 -1.343892e-17 8.873194e-02 8.873194e-02
9.959960e-01 -1.076272e-17 9.013122e-02 9.013122e-02
9.969970e-01 -8.078802e-18 9.155911e-02 9.155911e-02
9.979980e-01 -5.389090e-18 9.301597e-02 9.301597e-02
9.989990e-01 -2.695512e-18 9.450394e-02 9.450394e-02
1.000000e+00 -1.049832e-31 9.602255e-02 9.602255e-02
