# x  u_exact  u_pred  abs_error
0.000000e+00 0.000000e+00 -4.675293e-02 4.675293e-02
1.001001e-03 2.695512e-18 -4.664937e-02 4.664937e-02
2.002002e-03 5.389090e-18 -4.654559e-02 4.654559e-02
3.003003e-03 8.078802e-18 -4.644135e-02 4.644135e-02
4.004004e-03 1.076272e-17 -4.633868e-02 4.633868e-02
5.005005e-03 1.343892e-17 -4.623333e-02 4.623333e-02
6.006006e-03 1.610548e-17 -4.612967e-02 4.612967e-02
7.007007e-03 1.876050e-17 -4.602408e-02 4.602408e-02
8.008008e-03 2.140209e-17 -4.591841e-02 4.591841e-02
9.009009e-03 2.402837e-17 -4.581228e-02 4.581228e-02
1.001001e-02 2.663745e-17 -4.570562e-02 4.570562e-02
1.101101e-02 2.922751e-17 -4.559880e-02 4.559880e-02
1.201201e-02 3.179670e-17 -4.549098e-02 4.549098e-02
1.301301e-02 3.434321e-17 -4.538390e-02 4.538390e-02
1.401401e-02 3.686526e-17 -4.527375e-02 4.527375e-02
1.501502e-02 3.936108e-17 -4.516429e-02 4.516429e-02
1.601602e-02 4.182893e-17 -4.505464e-02 4.505464e-02
1.701702e-02 4.426709e-17 -4.494265e-02 4.494265e-02
1.801802e-02 4.667388e-17 -4.483134e-02 4.483134e-02
1.901902e-02 4.904766e-17 -4.471785e-02 4.471785e-02
2.002002e-02 5.138679e-17 -4.460534e-02 4.460534e-02
2.102102e-02 5.368970e-17 -4.448977e-02 4.448977e-02
2.202202e-02 5.595482e-17 -4.437551e-02 4.437551e-02
2.302302e-02 5.818065e-17 -4.425883e-02 4.425883e-02
2.402402e-02 6.036570e-17 -4.414192e-02 4.414192e-02
2.502503e-02 6.250854e-17 -4.402500e-02 4.402500e-02
2.602603e-02 6.460778e-17 -4.390621e-02 4.390621e-02
2.702703e-02 6.666205e-17 -4.378736e-02 4.378736e-02
2.802803e-02 6.867005e-17 -4.366666e-02 4.366666e-02
2.902903e-02 7.063052e-17 -4.354650e-02 4.354650e-02
3.003003e-02 7.254223e-17 -4.342502e-02 4.342502e-02
3.103103e-02 7.440401e-17 -4.330251e-02 4.330251e-02
3.203203e-02 7.621473e-17 -4.317984e-02 4.317984e-02
3.303303e-02 7.797334e-17 -4.305598e-02 4.305598e-02
3.403403e-02 7.967879e-17 -4.293245e-02 4.293245e-02
3.503504e-02 8.133013e-17 -4.280740e-02 4.280740e-02
3.603604e-02 8.292643e-17 -4.268202e-02 4.268202e-02
3.703704e-02 8.446682e-17 -4.255614e-02 4.255614e-02
3.803804e-02 8.595050e-17 -4.243034e-02 4.243034e-02
3.903904e-02 8.737670e-17 -4.230368e-02 4.230368e-02
4.004004e-02 8.874474e-17 -4.217589e-02 4.217589e-02
4.104104e-02 9.005396e-17 -4.204893e-02 4.204893e-02
4.204204e-02 9.130378e-17 -4.192060e-02 4.192060e-02
4.304304e-02 9.249366e-17 -4.179305e-02 4.179305e-02
4.404404e-02 9.362314e-17 -4.166520e-02 4.166520e-02
4.504505e-02 9.469180e-17 -4.153693e-02 4.153693e-02
4.604605e-02 9.569930e-17 -4.140830e-02 4.140830e-02
4.704705e-02 9.664532e-17 -4.128087e-02 4.128087e-02
4.804805e-02 9.752965e-17 -4.115170e-02 4.115170e-02
4.904905e-02 9.835210e-17 -4.102400e-02 4.102400e-02
5.005005e-02 9.911256e-17 -4.089600e-02 4.089600e-02
5.105105e-02 9.981097e-17 -4.076880e-02 4.076880e-02
5.205205e-02 1.004473e-16 -4.064077e-02 4.064077e-02
5.305305e-02 1.010217e-16 -4.051346e-02 4.051346e-02
5.405405e-02 1.015342e-16 -4.038668e-02 4.038668e-02
5.505506e-02 1.019851e-16 -4.025990e-02 4.025990e-02
5.605606e-02 1.023745e-16 -4.013479e-02 4.013479e-02
5.705706e-02 1.027028e-16 -4.000926e-02 4.000926e-02
5.805806e-02 1.029703e-16 -3.988457e-02 3.988457e-02
5.905906e-02 1.031775e-16 -3.976032e-02 3.976032e-02
6.006006e-02 1.033248e-16 -3.963739e-02 3.963739e-02
6.106106e-02 1.034128e-16 -3.951466e-02 3.951466e-02
6.206206e-02 1.034420e-16 -3.939259e-02 3.939259e-02
6.306306e-02 1.034132e-16 -3.927171e-02 3.927171e-02
6.406406e-02 1.033269e-16 -3.915143e-02 3.915143e-02
6.506507e-02 1.031840e-16 -3.903249e-02 3.903249e-02
6.606607e-02 1.029853e-16 -3.891355e-02 3.891355e-02
6.706707e-02 1.027316e-16 -3.879648e-02 3.879648e-02
6.806807e-02 1.024239e-16 -3.868026e-02 3.868026e-02
6.906907e-02 1.020632e-16 -3.856513e-02 3.856513e-02
7.007007e-02 1.016504e-16 -3.845078e-02 3.845078e-02
7.107107e-02 1.011866e-16 -3.833818e-02 3.833818e-02
7.207207e-02 1.006729e-16 -3.822526e-02 3.822526e-02
7.307307e-02 1.001106e-16 -3.811422e-02 3.811422e-02
7.407407e-02 9.950084e-17 -3.800413e-02 3.800413e-02
7.507508e-02 9.884483e-17 -3.789502e-02 3.789502e-02
7.607608e-02 9.814390e-17 -3.778827e-02 3.778827e-02
7.707708e-02 9.739941e-17 -3.768092e-02 3.768092e-02
7.807808e-02 9.661272e-17 -3.757533e-02 3.757533e-02
7.907908e-02 9.578527e-17 -3.747126e-02 3.747126e-02
8.008008e-02 9.491852e-17 -3.736752e-02 3.736752e-02
8.108108e-02 9.401397e-17 -3.726602e-02 3.726602e-02
8.208208e-02 9.307315e-17 -3.716496e-02 3.716496e-02
8.308308e-02 9.209763e-17 -3.706512e-02 3.706512e-02
8.408408e-02 9.108900e-17 -3.696635e-02 3.696635e-02
8.508509e-02 9.004890e-17 -3.686875e-02 3.686875e-02
8.608609e-02 8.897899e-17 -3.677168e-02 3.677168e-02
8.708709e-02 8.788096e-17 -3.667626e-02 3.667626e-02
8.808809e-02 8.675650e-17 -3.658116e-02 3.658116e-02
8.908909e-02 8.560737e-17 -3.648710e-02 3.648710e-02
9.009009e-02 8.443531e-17 -3.639418e-02 3.639418e-02
9.109109e-02 8.324211e-17 -3.630227e-02 3.630227e-02
9.209209e-02 8.202956e-17 -3.621200e-02 3.621200e-02
9.309309e-02 8.079947e-17 -3.612083e-02 3.612083e-02
9.409409e-02 7.955367e-17 -3.603095e-02 3.603095e-02
9.509510e-02 7.829399e-17 -3.594258e-02 3.594258e-02
9.609610e-02 7.702230e-17 -3.585380e-02 3.585380e-02
9.709710e-02 7.574046e-17 -3.576681e-02 3.576681e-02
9.809810e-02 7.445032e-17 -3.568077e-02 3.568077e-02
9.909910e-02 7.315377e-17 -3.559378e-02 3.559378e-02
1.001001e-01 7.185267e-17 -3.550804e-02 3.550804e-02
1.011011e-01 7.054892e-17 -3.542247e-02 3.542247e-02
1.021021e-01 6.924439e-17 -3.533855e-02 3.533855e-02
1.031031e-01 6.794095e-17 -3.525454e-02 3.525454e-02
1.041041e-01 6.664049e-17 -3.517008e-02 3.517008e-02
1.051051e-01 6.534486e-17 -3.508666e-02 3.508666e-02
1.061061e-01 6.405593e-17 -3.500423e-02 3.500423e-02
1.071071e-01 6.277555e-17 -3.492105e-02 3.492105e-02
1.081081e-01 6.150555e-17 -3.483835e-02 3.483835e-02
1.091091e-01 6.024777e-17 -3.475487e-02 3.475487e-02
1.101101e-01 5.900402e-17 -3.467405e-02 3.467405e-02
1.111111e-01 5.777609e-17 -3.459129e-02 3.459129e-02
1.121121e-01 5.656575e-17 -3.450930e-02 3.450930e-02
1.131131e-01 5.537476e-17 -3.442678e-02 3.442678e-02
1.141141e-01 5.420485e-17 -3.434587e-02 3.434587e-02
1.151151e-01 5.305774e-17 -3.426489e-02 3.426489e-02
1.161161e-01 5.193511e-17 -3.418258e-02 3.418258e-02
1.171171e-01 5.083861e-17 -3.410122e-02 3.410122e-02
1.181181e-01 4.976987e-17 -3.401995e-02 3.401995e-02
1.191191e-01 4.873050e-17 -3.393763e-02 3.393763e-02
1.201201e-01 4.772205e-17 -3.385699e-02 3.385699e-02
1.211211e-01 4.674605e-17 -3.377491e-02 3.377491e-02
1.221221e-01 4.580401e-17 -3.369391e-02 3.369391e-02
1.231231e-01 4.489737e-17 -3.361243e-02 3.361243e-02
1.241241e-01 4.402758e-17 -3.353080e-02 3.353080e-02
1.251251e-01 4.319599e-17 -3.344941e-02 3.344941e-02
1.261261e-01 4.240396e-17 -3.336760e-02 3.336760e-02
1.271271e-01 4.165279e-17 -3.328598e-02 3.328598e-02
1.281281e-01 4.094372e-17 -3.320384e-02 3.320384e-02
1.291291e-01 4.027797e-17 -3.312162e-02 3.312162e-02
1.301301e-01 3.965670e-17 -3.304029e-02 3.304029e-02
1.311311e-01 3.908102e-17 -3.295940e-02 3.295940e-02
1.321321e-01 3.855201e-17 -3.287786e-02 3.287786e-02
1.331331e-01 3.807069e-17 -3.279582e-02 3.279582e-02
1.341341e-01 3.763801e-17 -3.271407e-02 3.271407e-02
1.351351e-01 3.725490e-17 -3.263277e-02 3.263277e-02
1.361361e-01 3.692222e-17 -3.255093e-02 3.255093e-02
1.371371e-01 3.664079e-17 -3.247014e-02 3.247014e-02
1.381381e-01 3.641134e-17 -3.238863e-02 3.238863e-02
1.391391e-01 3.623460e-17 -3.230757e-02 3.230757e-02
1.401401e-01 3.611120e-17 -3.222644e-02 3.222644e-02
1.411411e-01 3.604173e-17 -3.214574e-02 3.214574e-02
1.421421e-01 3.602673e-17 -3.206545e-02 3.206545e-02
1.431431e-01 3.606667e-17 -3.198460e-02 3.198460e-02
1.441441e-01 3.616196e-17 -3.190508e-02 3.190508e-02
1.451451e-01 3.631298e-17 -3.182524e-02 3.182524e-02
1.461461e-01 3.652000e-17 -3.174466e-02 3.174466e-02
1.471471e-01 3.678329e-17 -3.166583e-02 3.166583e-02
1.481481e-01 3.710302e-17 -3.158724e-02 3.158724e-02
1.491491e-01 3.747930e-17 -3.150862e-02 3.150862e-02
1.501502e-01 3.791221e-17 -3.143007e-02 3.143007e-02
1.511512e-01 3.840175e-17 -3.135204e-02 3.135204e-02
1.521522e-01 3.894786e-17 -3.127551e-02 3.127551e-02
1.531532e-01 3.955043e-17 -3.119737e-02 3.119737e-02
1.541542e-01 4.020927e-17 -3.112048e-02 3.112048e-02
1.551552e-01 4.092416e-17 -3.104442e-02 3.104442e-02
1.561562e-01 4.169479e-17 -3.096741e-02 3.096741e-02
1.571572e-01 4.252082e-17 -3.089303e-02 3.089303e-02
1.581582e-01 4.340183e-17 -3.081757e-02 3.081757e-02
1.591592e-01 4.433735e-17 -3.074306e-02 3.074306e-02
1.601602e-01 4.532686e-17 -3.066939e-02 3.066939e-02
1.611612e-01 4.636976e-17 -3.059578e-02 3.059578e-02
1.621622e-01 4.746543e-17 -3.052211e-02 3.052211e-02
1.631632e-01 4.861315e-17 -3.045005e-02 3.045005e-02
1.641642e-01 4.981217e-17 -3.037840e-02 3.037840e-02
1.651652e-01 5.106170e-17 -3.030676e-02 3.030676e-02
1.661662e-01 5.236085e-17 -3.023458e-02 3.023458e-02
1.671672e-01 5.370873e-17 -3.016478e-02 3.016478e-02
1.681682e-01 5.510436e-17 -3.009447e-02 3.009447e-02
1.691692e-01 5.654672e-17 -3.002518e-02 3.002518e-02
1.701702e-01 5.803475e-17 -2.995539e-02 2.995539e-02
1.711712e-01 5.956733e-17 -2.988717e-02 2.988717e-02
1.721722e-01 6.114329e-17 -2.981898e-02 2.981898e-02
1.731732e-01 6.276141e-17 -2.975070e-02 2.975070e-02
1.741742e-01 6.442045e-17 -2.968362e-02 2.968362e-02
1.751752e-01 6.611909e-17 -2.961755e-02 2.961755e-02
1.761762e-01 6.785599e-17 -2.955127e-02 2.955127e-02
1.771772e-01 6.962977e-17 -2.948487e-02 2.948487e-02
1.781782e-01 7.143898e-17 -2.941895e-02 2.941895e-02
1.791792e-01 7.328217e-17 -2.935383e-02 2.935383e-02
1.801802e-01 7.515784e-17 -2.928913e-02 2.928913e-02
1.811812e-01 7.706442e-17 -2.922475e-02 2.922475e-02
1.821822e-01 7.900036e-17 -2.916163e-02 2.916163e-02
1.831832e-01 8.096404e-17 -2.909768e-02 2.909768e-02
1.841842e-01 8.295381e-17 -2.903405e-02 2.903405e-02
1.851852e-01 8.496802e-17 -2.897173e-02 2.897173e-02
1.861862e-01 8.700495e-17 -2.890903e-02 2.890903e-02
1.871872e-01 8.906288e-17 -2.884740e-02 2.884740e-02
1.881882e-01 9.114005e-17 -2.878511e-02 2.878511e-02
1.891892e-01 9.323470e-17 -2.872396e-02 2.872396e-02
1.901902e-01 9.534503e-17 -2.866215e-02 2.866215e-02
1.911912e-01 9.746922e-17 -2.860105e-02 2.860105e-02
1.921922e-01 9.960543e-17 -2.853984e-02 2.853984e-02
1.931932e-01 1.017518e-16 -2.848059e-02 2.848059e-02
1.941942e-01 1.039065e-16 -2.841961e-02 2.841961e-02
1.951952e-01 1.060677e-16 -2.836031e-02 2.836031e-02
1.961962e-01 1.082333e-16 -2.830097e-02 2.830097e-02
1.971972e-01 1.104017e-16 -2.824163e-02 2.824163e-02
1.981982e-01 1.125707e-16 -2.818212e-02 2.818212e-02
1.991992e-01 1.147386e-16 -2.812311e-02 2.812311e-02
2.002002e-01 1.169035e-16 -2.806562e-02 2.806562e-02
2.012012e-01 1.190633e-16 -2.800679e-02 2.800679e-02
2.022022e-01 1.212162e-16 -2.794892e-02 2.794892e-02
2.032032e-01 1.233604e-16 -2.789122e-02 2.789122e-02
2.042042e-01 1.254938e-16 -2.783322e-02 2.783322e-02
2.052052e-01 1.276145e-16 -2.777547e-02 2.777547e-02
2.062062e-01 1.297208e-16 -2.771890e-02 2.771890e-02
2.072072e-01 1.318107e-16 -2.766243e-02 2.766243e-02
2.082082e-01 1.338823e-16 -2.760616e-02 2.760616e-02
2.092092e-01 1.359338e-16 -2.754867e-02 2.754867e-02
2.102102e-01 1.379634e-16 -2.749315e-02 2.749315e-02
2.112112e-01 1.399691e-16 -2.743793e-02 2.743793e-02
2.122122e-01 1.419493e-16 -2.738261e-02 2.738261e-02
2.132132e-01 1.439021e-16 -2.732635e-02 2.732635e-02
2.142142e-01 1.458257e-16 -2.727211e-02 2.727211e-02
2.152152e-01 1.477185e-16 -2.721786e-02 2.721786e-02
2.162162e-01 1.495787e-16 -2.716288e-02 2.716288e-02
2.172172e-01 1.514046e-16 -2.710956e-02 2.710956e-02
2.182182e-01 1.531946e-16 -2.705571e-02 2.705571e-02
2.192192e-01 1.549471e-16 -2.700210e-02 2.700210e-02
2.202202e-01 1.566605e-16 -2.695024e-02 2.695024e-02
2.212212e-01 1.583331e-16 -2.689695e-02 2.689695e-02
2.222222e-01 1.599636e-16 -2.684477e-02 2.684477e-02
2.232232e-01 1.615503e-16 -2.679223e-02 2.679223e-02
2.242242e-01 1.630919e-16 -2.674085e-02 2.674085e-02
2.252252e-01 1.645870e-16 -2.669036e-02 2.669036e-02
2.262262e-01 1.660342e-16 -2.663976e-02 2.663976e-02
2.272272e-01 1.674321e-16 -2.658924e-02 2.658924e-02
2.282282e-01 1.687796e-16 -2.653939e-02 2.653939e-02
2.292292e-01 1.700753e-16 -2.648956e-02 2.648956e-02
2.302302e-01 1.713181e-16 -2.644023e-02 2.644023e-02
2.312312e-01 1.725069e-16 -2.639219e-02 2.639219e-02
2.322322e-01 1.736405e-16 -2.634320e-02 2.634320e-02
2.332332e-01 1.747180e-16 -2.629560e-02 2.629560e-02
2.342342e-01 1.757382e-16 -2.624750e-02 2.624750e-02
2.352352e-01 1.767004e-16 -2.620056e-02 2.620056e-02
2.362362e-01 1.776037e-16 -2.615356e-02 2.615356e-02
2.372372e-01 1.784471e-16 -2.610695e-02 2.610695e-02
2.382382e-01 1.792299e-16 -2.606198e-02 2.606198e-02
2.392392e-01 1.799515e-16 -2.601552e-02 2.601552e-02
2.402402e-01 1.806111e-16 -2.596998e-02 2.596998e-02
2.412412e-01 1.812081e-16 -2.592546e-02 2.592546e-02
2.422422e-01 1.817420e-16 -2.588183e-02 2.588183e-02
2.432432e-01 1.822123e-16 -2.583718e-02 2.583718e-02
2.442442e-01 1.826186e-16 -2.579290e-02 2.579290e-02
2.452452e-01 1.829605e-16 -2.574962e-02 2.574962e-02
2.462462e-01 1.832377e-16 -2.570659e-02 2.570659e-02
2.472472e-01 1.834499e-16 -2.566364e-02 2.566364e-02
2.482482e-01 1.835969e-16 -2.561995e-02 2.561995e-02
2.492492e-01 1.836786e-16 -2.557868e-02 2.557868e-02
2.502503e-01 1.836950e-16 -2.553695e-02 2.553695e-02
2.512513e-01 1.836459e-16 -2.549505e-02 2.549505e-02
2.522523e-01 1.835315e-16 -2.545309e-02 2.545309e-02
2.532533e-01 1.833519e-16 -2.541193e-02 2.541193e-02
2.542543e-01 1.831072e-16 -2.537006e-02 2.537006e-02
2.552553e-01 1.827976e-16 -2.533013e-02 2.533013e-02
2.562563e-01 1.824235e-16 -2.528888e-02 2.528888e-02
2.572573e-01 1.819851e-16 -2.524751e-02 2.524751e-02
2.582583e-01 1.814830e-16 -2.520788e-02 2.520788e-02
2.592593e-01 1.809174e-16 -2.516642e-02 2.516642e-02
2.602603e-01 1.802890e-16 -2.512628e-02 2.512628e-02
2.612613e-01 1.795984e-16 -2.508497e-02 2.508497e-02
2.622623e-01 1.788461e-16 -2.504429e-02 2.504429e-02
2.632633e-01 1.780329e-16 -2.500397e-02 2.500397e-02
2.642643e-01 1.771595e-16 -2.496326e-02 2.496326e-02
2.652653e-01 1.762267e-16 -2.492198e-02 2.492198e-02
2.662663e-01 1.752353e-16 -2.488148e-02 2.488148e-02
2.672673e-01 1.741863e-16 -2.484006e-02 2.484006e-02
2.682683e-01 1.730806e-16 -2.479869e-02 2.479869e-02
2.692693e-01 1.719193e-16 -2.475810e-02 2.475810e-02
2.702703e-01 1.707034e-16 -2.471590e-02 2.471590e-02
2.712713e-01 1.694340e-16 -2.467379e-02 2.467379e-02
2.722723e-01 1.681122e-16 -2.463263e-02 2.463263e-02
2.732733e-01 1.667394e-16 -2.458966e-02 2.458966e-02
2.742743e-01 1.653167e-16 -2.454716e-02 2.454716e-02
2.752753e-01 1.638454e-16 -2.450410e-02 2.450410e-02
2.762763e-01 1.623268e-16 -2.445945e-02 2.445945e-02
2.772773e-01 1.607625e-16 -2.441666e-02 2.441666e-02
2.782783e-01 1.591537e-16 -2.437234e-02 2.437234e-02
2.792793e-01 1.575020e-16 -2.432844e-02 2.432844e-02
2.802803e-01 1.558088e-16 -2.428281e-02 2.428281e-02
2.812813e-01 1.540757e-16 -2.423659e-02 2.423659e-02
2.822823e-01 1.523042e-16 -2.419168e-02 2.419168e-02
2.832833e-01 1.504960e-16 -2.414519e-02 2.414519e-02
2.842843e-01 1.486528e-16 -2.409756e-02 2.409756e-02
2.852853e-01 1.467761e-16 -2.405089e-02 2.405089e-02
2.862863e-01 1.448676e-16 -2.400321e-02 2.400321e-02
2.872873e-01 1.429292e-16 -2.395451e-02 2.395451e-02
2.882883e-01 1.409625e-16 -2.390563e-02 2.390563e-02
2.892893e-01 1.389693e-16 -2.385598e-02 2.385598e-02
2.902903e-01 1.369514e-16 -2.380669e-02 2.380669e-02
2.912913e-01 1.349107e-16 -2.375624e-02 2.375624e-02
2.922923e-01 1.328489e-16 -2.370536e-02 2.370536e-02
2.932933e-01 1.307679e-16 -2.365369e-02 2.365369e-02
2.942943e-01 1.286696e-16 -2.360135e-02 2.360135e-02
2.952953e-01 1.265559e-16 -2.354962e-02 2.354962e-02
2.962963e-01 1.244285e-16 -2.349669e-02 2.349669e-02
2.972973e-01 1.222895e-16 -2.344304e-02 2.344304e-02
2.982983e-01 1.201407e-16 -2.338907e-02 2.338907e-02
2.992993e-01 1.179841e-16 -2.333450e-02 2.333450e-02
3.003003e-01 1.158215e-16 -2.328020e-02 2.328020e-02
3.013013e-01 1.136549e-16 -2.322531e-02 2.322531e-02
3.023023e-01 1.114862e-16 -2.316988e-02 2.316988e-02
3.033033e-01 1.093173e-16 -2.311367e-02 2.311367e-02
3.043043e-01 1.071500e-16 -2.305710e-02 2.305710e-02
3.053053e-01 1.049864e-16 -2.300066e-02 2.300066e-02
3.063063e-01 1.028282e-16 -2.294362e-02 2.294362e-02
3.073073e-01 1.006775e-16 -2.288732e-02 2.288732e-02
3.083083e-01 9.853594e-17 -2.282900e-02 2.282900e-02
3.093093e-01 9.640551e-17 -2.277130e-02 2.277130e-02
3.103103e-01 9.428802e-17 -2.271408e-02 2.271408e-02
3.113113e-01 9.218531e-17 -2.265644e-02 2.265644e-02
3.123123e-01 9.009917e-17 -2.259851e-02 2.259851e-02
3.133133e-01 8.803140e-17 -2.254036e-02 2.254036e-02
3.143143e-01 8.598375e-17 -2.248245e-02 2.248245e-02
3.153153e-01 8.395797e-17 -2.242449e-02 2.242449e-02
3.163163e-01 8.195577e-17 -2.236623e-02 2.236623e-02
3.173173e-01 7.997883e-17 -2.230853e-02 2.230853e-02
3.183183e-01 7.802882e-17 -2.225068e-02 2.225068e-02
3.193193e-01 7.610736e-17 -2.219301e-02 2.219301e-02
3.203203e-01 7.421604e-17 -2.213597e-02 2.213597e-02
3.213213e-01 7.235643e-17 -2.207941e-02 2.207941e-02
3.223223e-01 7.053003e-17 -2.202213e-02 2.202213e-02
3.233233e-01 6.873836e-17 -2.196544e-02 2.196544e-02
3.243243e-01 6.698284e-17 -2.190876e-02 2.190876e-02
3.253253e-01 6.526490e-17 -2.185386e-02 2.185386e-02
3.263263e-01 6.358590e-17 -2.179796e-02 2.179796e-02
3.273273e-01 6.194715e-17 -2.174416e-02 2.174416e-02
3.283283e-01 6.034996e-17 -2.168971e-02 2.168971e-02
3.293293e-01 5.879554e-17 -2.163619e-02 2.163619e-02
3.303303e-01 5.728510e-17 -2.158272e-02 2.158272e-02
3.313313e-01 5.581977e-17 -2.153075e-02 2.153075e-02
3.323323e-01 5.440064e-17 -2.147853e-02 2.147853e-02
3.333333e-01 5.302876e-17 -2.142742e-02 2.142742e-02
3.343343e-01 5.170513e-17 -2.137733e-02 2.137733e-02
3.353353e-01 5.043068e-17 -2.132767e-02 2.132767e-02
3.363363e-01 4.920630e-17 -2.127805e-02 2.127805e-02
3.373373e-01 4.803283e-17 -2.122971e-02 2.122971e-02
3.383383e-01 4.691104e-17 -2.118242e-02 2.118242e-02
3.393393e-01 4.584168e-17 -2.113557e-02 2.113557e-02
3.403403e-01 4.482539e-17 -2.109000e-02 2.109000e-02
3.413413e-01 4.386281e-17 -2.104497e-02 2.104497e-02
3.423423e-01 4.295448e-17 -2.100128e-02 2.100128e-02
3.433433e-01 4.210090e-17 -2.095824e-02 2.095824e-02
3.443443e-01 4.130252e-17 -2.091599e-02 2.091599e-02
3.453453e-01 4.055972e-17 -2.087364e-02 2.087364e-02
3.463463e-01 3.987283e-17 -2.083328e-02 2.083328e-02
3.473473e-01 3.924210e-17 -2.079329e-02 2.079329e-02
3.483483e-01 3.866774e-17 -2.075356e-02 2.075356e-02
3.493493e-01 3.814991e-17 -2.071548e-02 2.071548e-02
3.503504e-01 3.768868e-17 -2.067795e-02 2.067795e-02
3.513514e-01 3.728408e-17 -2.064124e-02 2.064124e-02
3.523524e-01 3.693609e-17 -2.060539e-02 2.060539e-02
3.533534e-01 3.664460e-17 -2.056932e-02 2.056932e-02
3.543544e-01 3.640947e-17 -2.053487e-02 2.053487e-02
3.553554e-01 3.623048e-17 -2.050141e-02 2.050141e-02
3.563564e-01 3.610737e-17 -2.046731e-02 2.046731e-02
3.573574e-01 3.603980e-17 -2.043504e-02 2.043504e-02
3.583584e-01 3.602739e-17 -2.040291e-02 2.040291e-02
3.593594e-01 3.606969e-17 -2.037191e-02 2.037191e-02
3.603604e-01 3.616619e-17 -2.034056e-02 2.034056e-02
3.613614e-01 3.631634e-17 -2.031010e-02 2.031010e-02
3.623624e-01 3.651952e-17 -2.027985e-02 2.027985e-02
3.633634e-01 3.677505e-17 -2.025017e-02 2.025017e-02
3.643644e-01 3.708221e-17 -2.022091e-02 2.022091e-02
3.653654e-01 3.744021e-17 -2.019191e-02 2.019191e-02
3.663664e-01 3.784821e-17 -2.016300e-02 2.016300e-02
3.673674e-01 3.830533e-17 -2.013403e-02 2.013403e-02
3.683684e-01 3.881062e-17 -2.010518e-02 2.010518e-02
3.693694e-01 3.936309e-17 -2.007735e-02 2.007735e-02
3.703704e-01 3.996170e-17 -2.004936e-02 2.004936e-02
3.713714e-01 4.060535e-17 -2.002081e-02 2.002081e-02
3.723724e-01 4.129291e-17 -1.999244e-02 1.999244e-02
3.733734e-01 4.202319e-17 -1.996434e-02 1.996434e-02
3.743744e-01 4.279495e-17 -1.993492e-02 1.993492e-02
3.753754e-01 4.360692e-17 -1.990640e-02 1.990640e-02
3.763764e-01 4.445778e-17 -1.987761e-02 1.987761e-02
3.773774e-01 4.534617e-17 -1.984912e-02 1.984912e-02
3.783784e-01 4.627069e-17 -1.981914e-02 1.981914e-02
3.793794e-01 4.722990e-17 -1.978981e-02 1.978981e-02
3.803804e-01 4.822231e-17 -1.975912e-02 1.975912e-02
3.813814e-01 4.924642e-17 -1.972854e-02 1.972854e-02
3.823824e-01 5.030067e-17 -1.969823e-02 1.969823e-02
3.833834e-01 5.138349e-17 -1.966617e-02 1.966617e-02
3.843844e-01 5.249326e-17 -1.963395e-02 1.963395e-02
3.853854e-01 5.362834e-17 -1.960146e-02 1.960146e-02
3.863864e-01 5.478706e-17 -1.956832e-02 1.956832e-02
3.873874e-01 5.596772e-17 -1.953465e-02 1.953465e-02
3.883884e-01 5.716861e-17 -1.950100e-02 1.950100e-02
3.893894e-01 5.838796e-17 -1.946518e-02 1.946518e-02
3.903904e-01 5.962403e-17 -1.942992e-02 1.942992e-02
3.913914e-01 6.087502e-17 -1.939356e-02 1.939356e-02
3.923924e-01 6.213914e-17 -1.935691e-02 1.935691e-02
3.933934e-01 6.341456e-17 -1.931983e-02 1.931983e-02
3.943944e-01 6.469944e-17 -1.928174e-02 1.928174e-02
3.953954e-01 6.599195e-17 -1.924300e-02 1.924300e-02
3.963964e-01 6.729023e-17 -1.920342e-02 1.920342e-02
3.973974e-01 6.859242e-17 -1.916370e-02 1.916370e-02
3.983984e-01 6.989663e-17 -1.912296e-02 1.912296e-02
3.993994e-01 7.120101e-17 -1.908171e-02 1.908171e-02
4.004004e-01 7.250367e-17 -1.904011e-02 1.904011e-02
4.014014e-01 7.380273e-17 -1.899713e-02 1.899713e-02
4.024024e-01 7.509631e-17 -1.895410e-02 1.895410e-02
4.034034e-01 7.638253e-17 -1.891062e-02 1.891062e-02
4.044044e-01 7.765954e-17 -1.886618e-02 1.886618e-02
4.054054e-01 7.892545e-17 -1.882243e-02 1.882243e-02
4.064064e-01 8.017842e-17 -1.877695e-02 1.877695e-02
4.074074e-01 8.141659e-17 -1.873198e-02 1.873198e-02
4.084084e-01 8.263814e-17 -1.868537e-02 1.868537e-02
4.094094e-01 8.384124e-17 -1.863921e-02 1.863921e-02
4.104104e-01 8.502410e-17 -1.859260e-02 1.859260e-02
4.114114e-01 8.618491e-17 -1.854590e-02 1.854590e-02
4.124124e-01 8.732192e-17 -1.849809e-02 1.849809e-02
4.134134e-01 8.843338e-17 -1.845065e-02 1.845065e-02
4.144144e-01 8.951757e-17 -1.840279e-02 1.840279e-02
4.154154e-01 9.057278e-17 -1.835459e-02 1.835459e-02
4.164164e-01 9.159735e-17 -1.830658e-02 1.830658e-02
4.174174e-01 9.258963e-17 -1.825857e-02 1.825857e-02
4.184184e-01 9.354800e-17 -1.821008e-02 1.821008e-02
4.194194e-01 9.447088e-17 -1.816180e-02 1.816180e-02
4.204204e-01 9.535672e-17 -1.811269e-02 1.811269e-02
4.214214e-01 9.620400e-17 -1.806432e-02 1.806432e-02
4.224224e-01 9.701125e-17 -1.801586e-02 1.801586e-02
4.234234e-01 9.777702e-17 -1.796758e-02 1.796758e-02
4.244244e-01 9.849990e-17 -1.791853e-02 1.791853e-02
4.254254e-01 9.917853e-17 -1.787040e-02 1.787040e-02
4.264264e-01 9.981159e-17 -1.782256e-02 1.782256e-02
4.274274e-01 1.003978e-16 -1.777390e-02 1.777390e-02
4.284284e-01 1.009359e-16 -1.772577e-02 1.772577e-02
4.294294e-01 1.014248e-16 -1.767796e-02 1.767796e-02
4.304304e-01 1.018632e-16 -1.763010e-02 1.763010e-02
4.314314e-01 1.022501e-16 -1.758224e-02 1.758224e-02
4.324324e-01 1.025845e-16 -1.753470e-02 1.753470e-02
4.334334e-01 1.028653e-16 -1.748788e-02 1.748788e-02
4.344344e-01 1.030916e-16 -1.744094e-02 1.744094e-02
4.354354e-01 1.032625e-16 -1.739374e-02 1.739374e-02
4.364364e-01 1.033772e-16 -1.734677e-02 1.734677e-02
4.374374e-01 1.034348e-16 -1.730007e-02 1.730007e-02
4.384384e-01 1.034347e-16 -1.725405e-02 1.725405e-02
4.394394e-01 1.033762e-16 -1.720732e-02 1.720732e-02
4.404404e-01 1.032586e-16 -1.716056e-02 1.716056e-02
4.414414e-01 1.030814e-16 -1.711422e-02 1.711422e-02
4.424424e-01 1.028442e-16 -1.706892e-02 1.706892e-02
4.434434e-01 1.025463e-16 -1.702172e-02 1.702172e-02
4.444444e-01 1.021875e-16 -1.697618e-02 1.697618e-02
4.454454e-01 1.017674e-16 -1.693010e-02 1.693010e-02
4.464464e-01 1.012857e-16 -1.688373e-02 1.688373e-02
4.474474e-01 1.007423e-16 -1.683775e-02 1.683775e-02
4.484484e-01 1.001369e-16 -1.679143e-02 1.679143e-02
4.494494e-01 9.946952e-17 -1.674494e-02 1.674494e-02
4.504505e-01 9.874008e-17 -1.669818e-02 1.669818e-02
4.514515e-01 9.794862e-17 -1.665166e-02 1.665166e-02
4.524525e-01 9.709521e-17 -1.660496e-02 1.660496e-02
4.534535e-01 9.618001e-17 -1.655751e-02 1.655751e-02
4.544545e-01 9.520322e-17 -1.650962e-02 1.650962e-02
4.554555e-01 9.416510e-17 -1.646280e-02 1.646280e-02
4.564565e-01 9.306598e-17 -1.641428e-02 1.641428e-02
4.574575e-01 9.190624e-17 -1.636571e-02 1.636571e-02
4.584585e-01 9.068633e-17 -1.631707e-02 1.631707e-02
4.594595e-01 8.940674e-17 -1.626742e-02 1.626742e-02
4.604605e-01 8.806804e-17 -1.621753e-02 1.621753e-02
4.614615e-01 8.667083e-17 -1.616746e-02 1.616746e-02
4.624625e-01 8.521580e-17 -1.611650e-02 1.611650e-02
4.634635e-01 8.370366e-17 -1.606479e-02 1.606479e-02
4.644645e-01 8.213521e-17 -1.601273e-02 1.601273e-02
4.654655e-01 8.051128e-17 -1.595986e-02 1.595986e-02
4.664665e-01 7.883277e-17 -1.590621e-02 1.590621e-02
4.674675e-01 7.710062e-17 -1.585206e-02 1.585206e-02
4.684685e-01 7.531582e-17 -1.579782e-02 1.579782e-02
4.694695e-01 7.347943e-17 -1.574206e-02 1.574206e-02
4.704705e-01 7.159254e-17 -1.568589e-02 1.568589e-02
4.714715e-01 6.965631e-17 -1.562905e-02 1.562905e-02
4.724725e-01 6.767192e-17 -1.557103e-02 1.557103e-02
4.734735e-01 6.564062e-17 -1.551294e-02 1.551294e-02
4.744745e-01 6.356370e-17 -1.545328e-02 1.545328e-02
4.754755e-01 6.144249e-17 -1.539367e-02 1.539367e-02
4.764765e-01 5.927836e-17 -1.533270e-02 1.533270e-02
4.774775e-01 5.707274e-17 -1.527047e-02 1.527047e-02
4.784785e-01 5.482708e-17 -1.520851e-02 1.520851e-02
4.794795e-01 5.254287e-17 -1.514548e-02 1.514548e-02
4.804805e-01 5.022166e-17 -1.508129e-02 1.508129e-02
4.814815e-01 4.786500e-17 -1.501626e-02 1.501626e-02
4.824825e-01 4.547451e-17 -1.495093e-02 1.495093e-02
4.834835e-01 4.305182e-17 -1.488474e-02 1.488474e-02
4.844845e-01 4.059861e-17 -1.481795e-02 1.481795e-02
4.854855e-01 3.811656e-17 -1.474988e-02 1.474988e-02
4.864865e-01 3.560741e-17 -1.468176e-02 1.468176e-02
4.874875e-01 3.307290e-17 -1.461288e-02 1.461288e-02
4.884885e-01 3.051483e-17 -1.454315e-02 1.454315e-02
4.894895e-01 2.793498e-17 -1.447266e-02 1.447266e-02
4.904905e-01 2.533517e-17 -1.440197e-02 1.440197e-02
4.914915e-01 2.271726e-17 -1.433069e-02 1.433069e-02
4.924925e-01 2.008310e-17 -1.425904e-02 1.425904e-02
4.934935e-01 1.743455e-17 -1.418701e-02 1.418701e-02
4.944945e-01 1.477352e-17 -1.411402e-02 1.411402e-02
4.954955e-01 1.210190e-17 -1.404011e-02 1.404011e-02
4.964965e-01 9.421605e-18 -1.396695e-02 1.396695e-02
4.974975e-01 6.734550e-18 -1.389310e-02 1.389310e-02
4.984985e-01 4.042664e-18 -1.381868e-02 1.381868e-02
4.994995e-01 1.347877e-18 -1.374465e-02 1.374465e-02
5.005005e-01 -1.347877e-18 -1.367018e-02 1.367018e-02
5.015015e-01 -4.042664e-18 -1.359463e-02 1.359463e-02
5.025025e-01 -6.734550e-18 -1.351950e-02 1.351950e-02
5.035035e-01 -9.421605e-18 -1.344442e-02 1.344442e-02
5.045045e-01 -1.210190e-17 -1.336864e-02 1.336864e-02
5.055055e-01 -1.477352e-17 -1.329401e-02 1.329401e-02
5.065065e-01 -1.743455e-17 -1.321781e-02 1.321781e-02
5.075075e-01 -2.008310e-17 -1.314235e-02 1.314235e-02
5.085085e-01 -2.271726e-17 -1.306701e-02 1.306701e-02
5.095095e-01 -2.533517e-17 -1.299125e-02 1.299125e-02
5.105105e-01 -2.793498e-17 -1.291662e-02 1.291662e-02
5.115115e-01 -3.051483e-17 -1.284125e-02 1.284125e-02
5.125125e-01 -3.307290e-17 -1.276645e-02 1.276645e-02
5.135135e-01 -3.560741e-17 -1.269096e-02 1.269096e-02
5.145145e-01 -3.811656e-17 -1.261625e-02 1.261625e-02
5.155155e-01 -4.059861e-17 -1.254168e-02 1.254168e-02
5.165165e-01 -4.305182e-17 -1.246715e-02 1.246715e-02
5.175175e-01 -4.547451e-17 -1.239416e-02 1.239416e-02
5.185185e-01 -4.786500e-17 -1.232022e-02 1.232022e-02
5.195195e-01 -5.022166e-17 -1.224679e-02 1.224679e-02
5.205205e-01 -5.254287e-17 -1.217306e-02 1.217306e-02
5.215215e-01 -5.482708e-17 -1.210061e-02 1.210061e-02
5.225225e-01 -5.707274e-17 -1.202780e-02 1.202780e-02
5.235235e-01 -5.927836e-17 -1.195562e-02 1.195562e-02
5.245245e-01 -6.144249e-17 -1.188350e-02 1.188350e-02
5.255255e-01 -6.356370e-17 -1.181179e-02 1.181179e-02
5.265265e-01 -6.564062e-17 -1.174080e-02 1.174080e-02
5.275275e-01 -6.767192e-17 -1.166961e-02 1.166961e-02
5.285285e-01 -6.965631e-17 -1.159859e-02 1.159859e-02
5.295295e-01 -7.159254e-17 -1.152787e-02 1.152787e-02
5.305305e-01 -7.347943e-17 -1.145786e-02 1.145786e-02
5.315315e-01 -7.531582e-17 -1.138780e-02 1.138780e-02
5.325325e-01 -7.710062e-17 -1.131821e-02 1.131821e-02
5.335335e-01 -7.883277e-17 -1.124877e-02 1.124877e-02
5.345345e-01 -8.051128e-17 -1.117989e-02 1.117989e-02
5.355355e-01 -8.213521e-17 -1.111081e-02 1.111081e-02
5.365365e-01 -8.370366e-17 -1.104200e-02 1.104200e-02
5.375375e-01 -8.521580e-17 -1.097292e-02 1.097292e-02
5.385385e-01 -8.667083e-17 -1.090440e-02 1.090440e-02
5.395395e-01 -8.806804e-17 -1.083627e-02 1.083627e-02
5.405405e-01 -8.940674e-17 -1.076815e-02 1.076815e-02
5.415415e-01 -9.068633e-17 -1.070011e-02 1.070011e-02
5.425425e-01 -9.190624e-17 -1.063240e-02 1.063240e-02
5.435435e-01 -9.306598e-17 -1.056343e-02 1.056343e-02
5.445445e-01 -9.416510e-17 -1.049662e-02 1.049662e-02
5.455455e-01 -9.520322e-17 -1.042834e-02 1.042834e-02
5.465465e-01 -9.618001e-17 -1.036012e-02 1.036012e-02
5.475475e-01 -9.709521e-17 -1.029220e-02 1.029220e-02
5.485485e-01 -9.794862e-17 -1.022440e-02 1.022440e-02
5.495495e-01 -9.874008e-17 -1.015610e-02 1.015610e-02
5.505506e-01 -9.946952e-17 -1.008794e-02 1.008794e-02
5.515516e-01 -1.001369e-16 -1.001978e-02 1.001978e-02
5.525526e-01 -1.007423e-16 -9.951204e-03 9.951204e-03
5.535536e-01 -1.012857e-16 -9.883106e-03 9.883106e-03
5.545546e-01 -1.017674e-16 -9.814441e-03 9.814441e-03
5.555556e-01 -1.021875e-16 -9.745598e-03 9.745598e-03
5.565566e-01 -1.025463e-16 -9.676278e-03 9.676278e-03
5.575576e-01 -1.028442e-16 -9.607613e-03 9.607613e-03
5.585586e-01 -1.030814e-16 -9.538502e-03 9.538502e-03
5.595596e-01 -1.032586e-16 -9.468317e-03 9.468317e-03
5.605606e-01 -1.033762e-16 -9.398073e-03 9.398073e-03
5.615616e-01 -1.034347e-16 -9.327799e-03 9.327799e-03
5.625626e-01 -1.034348e-16 -9.258121e-03 9.258121e-03
5.635636e-01 -1.033772e-16 -9.188294e-03 9.188294e-03
5.645646e-01 -1.032625e-16 -9.116530e-03 9.116530e-03
5.655656e-01 -1.030916e-16 -9.045810e-03 9.045810e-03
5.665666e-01 -1.028653e-16 -8.974403e-03 8.974403e-03
5.675676e-01 -1.025845e-16 -8.902133e-03 8.902133e-03
5.685686e-01 -1.022501e-16 -8.831769e-03 8.831769e-03
5.695696e-01 -1.018632e-16 -8.758903e-03 8.758903e-03
5.705706e-01 -1.014248e-16 -8.686841e-03 8.686841e-03
5.715716e-01 -1.009359e-16 -8.614838e-03 8.614838e-03
5.725726e-01 -1.003978e-16 -8.541882e-03 8.541882e-03
5.735736e-01 -9.981159e-17 -8.469075e-03 8.469075e-03
5.745746e-01 -9.917853e-17 -8.395761e-03 8.395761e-03
5.755756e-01 -9.849990e-17 -8.323491e-03 8.323491e-03
5.765766e-01 -9.777702e-17 -8.250266e-03 8.250266e-03
5.775776e-01 -9.701125e-17 -8.175969e-03 8.175969e-03
5.785786e-01 -9.620400e-17 -8.102596e-03 8.102596e-03
5.795796e-01 -9.535672e-17 -8.028924e-03 8.028924e-03
5.805806e-01 -9.447088e-17 -7.954627e-03 7.954627e-03
5.815816e-01 -9.354800e-17 -7.881135e-03 7.881135e-03
5.825826e-01 -9.258963e-17 -7.806540e-03 7.806540e-03
5.835836e-01 -9.159735e-17 -7.732451e-03 7.732451e-03
5.845846e-01 -9.057278e-17 -7.658005e-03 7.658005e-03
5.855856e-01 -8.951757e-17 -7.584184e-03 7.584184e-03
5.865866e-01 -8.843338e-17 -7.509768e-03 7.509768e-03
5.875876e-01 -8.732192e-17 -7.435650e-03 7.435650e-03
5.885886e-01 -8.618491e-17 -7.361054e-03 7.361054e-03
5.895896e-01 -8.502410e-17 -7.286668e-03 7.286668e-03
5.905906e-01 -8.384124e-17 -7.212162e-03 7.212162e-03
5.915916e-01 -8.263814e-17 -7.137954e-03 7.137954e-03
5.925926e-01 -8.141659e-17 -7.063687e-03 7.063687e-03
5.935936e-01 -8.017842e-17 -6.989479e-03 6.989479e-03
5.945946e-01 -7.892545e-17 -6.915450e-03 6.915450e-03
5.955956e-01 -7.765954e-17 -6.841183e-03 6.841183e-03
5.965966e-01 -7.638253e-17 -6.767154e-03 6.767154e-03
5.975976e-01 -7.509631e-17 -6.693482e-03 6.693482e-03
5.985986e-01 -7.380273e-17 -6.618917e-03 6.618917e-03
5.995996e-01 -7.250367e-17 -6.545246e-03 6.545246e-03
6.006006e-01 -7.120101e-17 -6.471336e-03 6.471336e-03
6.016016e-01 -6.989663e-17 -6.397456e-03 6.397456e-03
6.026026e-01 -6.859242e-17 -6.323993e-03 6.323993e-03
6.036036e-01 -6.729023e-17 -6.250381e-03 6.250381e-03
6.046046e-01 -6.599195e-17 -6.176591e-03 6.176591e-03
6.056056e-01 -6.469944e-17 -6.102532e-03 6.102532e-03
6.066066e-01 -6.341456e-17 -6.028473e-03 6.028473e-03
6.076076e-01 -6.213914e-17 -5.955577e-03 5.955577e-03
6.086086e-01 -6.087502e-17 -5.881667e-03 5.881667e-03
6.096096e-01 -5.962403e-17 -5.808055e-03 5.808055e-03
6.106106e-01 -5.838796e-17 -5.734712e-03 5.734712e-03
6.116116e-01 -5.716861e-17 -5.661696e-03 5.661696e-03
6.126126e-01 -5.596772e-17 -5.587578e-03 5.587578e-03
6.136136e-01 -5.478706e-17 -5.512983e-03 5.512983e-03
6.146146e-01 -5.362834e-17 -5.439997e-03 5.439997e-03
6.156156e-01 -5.249326e-17 -5.365640e-03 5.365640e-03
6.166166e-01 -5.138349e-17 -5.291820e-03 5.291820e-03
6.176176e-01 -5.030067e-17 -5.216986e-03 5.216986e-03
6.186186e-01 -4.924642e-17 -5.142152e-03 5.142152e-03
6.196196e-01 -4.822231e-17 -5.068272e-03 5.068272e-03
6.206206e-01 -4.722990e-17 -4.992962e-03 4.992962e-03
6.216216e-01 -4.627069e-17 -4.917502e-03 4.917502e-03
6.226226e-01 -4.534617e-17 -4.842103e-03 4.842103e-03
6.236236e-01 -4.445778e-17 -4.766464e-03 4.766464e-03
6.246246e-01 -4.360692e-17 -4.690051e-03 4.690051e-03
6.256256e-01 -4.279495e-17 -4.613757e-03 4.613757e-03
6.266266e-01 -4.202319e-17 -4.536688e-03 4.536688e-03
6.276276e-01 -4.129291e-17 -4.459739e-03 4.459739e-03
6.286286e-01 -4.060535e-17 -4.382938e-03 4.382938e-03
6.296296e-01 -3.996170e-17 -4.304945e-03 4.304945e-03
6.306306e-01 -3.936309e-17 -4.226804e-03 4.226804e-03
6.316316e-01 -3.881062e-17 -4.147947e-03 4.147947e-03
6.326326e-01 -3.830533e-17 -4.068494e-03 4.068494e-03
6.336336e-01 -3.784821e-17 -3.989041e-03 3.989041e-03
6.346346e-01 -3.744021e-17 -3.908694e-03 3.908694e-03
6.356356e-01 -3.708221e-17 -3.827393e-03 3.827393e-03
6.366366e-01 -3.677505e-17 -3.746539e-03 3.746539e-03
6.376376e-01 -3.651952e-17 -3.665000e-03 3.665000e-03
6.386386e-01 -3.631634e-17 -3.581733e-03 3.581733e-03
6.396396e-01 -3.616619e-17 -3.499806e-03 3.499806e-03
6.406406e-01 -3.606969e-17 -3.416002e-03 3.416002e-03
6.416416e-01 -3.602739e-17 -3.332138e-03 3.332138e-03
6.426426e-01 -3.603980e-17 -3.247797e-03 3.247797e-03
6.436436e-01 -3.610737e-17 -3.162146e-03 3.162146e-03
6.446446e-01 -3.623048e-17 -3.076941e-03 3.076941e-03
6.456456e-01 -3.640947e-17 -2.990663e-03 2.990663e-03
6.466466e-01 -3.664460e-17 -2.904087e-03 2.904087e-03
6.476476e-01 -3.693609e-17 -2.816796e-03 2.816796e-03
6.486486e-01 -3.728408e-17 -2.729207e-03 2.729207e-03
6.496496e-01 -3.768868e-17 -2.640903e-03 2.640903e-03
6.506507e-01 -3.814991e-17 -2.552032e-03 2.552032e-03
6.516517e-01 -3.866774e-17 -2.462983e-03 2.462983e-03
6.526527e-01 -3.924210e-17 -2.372742e-03 2.372742e-03
6.536537e-01 -3.987283e-17 -2.282530e-03 2.282530e-03
6.546547e-01 -4.055972e-17 -2.191424e-03 2.191424e-03
6.556557e-01 -4.130252e-17 -2.100199e-03 2.100199e-03
6.566567e-01 -4.210090e-17 -2.009183e-03 2.009183e-03
6.576577e-01 -4.295448e-17 -1.916766e-03 1.916766e-03
6.586587e-01 -4.386281e-17 -1.823843e-03 1.823843e-03
6.596597e-01 -4.482539e-17 -1.731068e-03 1.731068e-03
6.606607e-01 -4.584168e-17 -1.638144e-03 1.638144e-03
6.616617e-01 -4.691104e-17 -1.544684e-03 1.544684e-03
6.626627e-01 -4.803283e-17 -1.450807e-03 1.450807e-03
6.636637e-01 -4.920630e-17 -1.356602e-03 1.356602e-03
6.646647e-01 -5.043068e-17 -1.262605e-03 1.262605e-03
6.656657e-01 -5.170513e-17 -1.168221e-03 1.168221e-03
6.666667e-01 -5.302876e-17 -1.072705e-03 1.072705e-03
6.676677e-01 -5.440064e-17 -9.775758e-04 9.775758e-04
6.686687e-01 -5.581977e-17 -8.834898e-04 8.834898e-04
6.696697e-01 -5.728510e-17 -7.874966e-04 7.874966e-04
6.706707e-01 -5.879554e-17 -6.924868e-04 6.924868e-04
6.716717e-01 -6.034996e-17 -5.977452e-04 5.977452e-04
6.726727e-01 -6.194715e-17 -5.007386e-04 5.007386e-04
6.736737e-01 -6.358590e-17 -4.058778e-04 4.058778e-04
6.746747e-01 -6.526490e-17 -3.096461e-04 3.096461e-04
6.756757e-01 -6.698284e-17 -2.139807e-04 2.139807e-04
6.766767e-01 -6.873836e-17 -1.181960e-04 1.181960e-04
6.776777e-01 -7.053003e-17 -2.261996e-05 2.261996e-05
6.786787e-01 -7.235643e-17 7.295609e-05 7.295609e-05
6.796797e-01 -7.421604e-17 1.686513e-04 1.686513e-04
6.806807e-01 -7.610736e-17 2.641678e-04 2.641678e-04
6.816817e-01 -7.802882e-17 3.596246e-04 3.596246e-04
6.826827e-01 -7.997883e-17 4.548430e-04 4.548430e-04
6.836837e-01 -8.195577e-17 5.500317e-04 5.500317e-04
6.846847e-01 -8.395797e-17 6.452501e-04 6.452501e-04
6.856857e-01 -8.598375e-17 7.404685e-04 7.404685e-04
6.866867e-01 -8.803140e-17 8.346438e-04 8.346438e-04
6.876877e-01 -9.009917e-17 9.291768e-04 9.291768e-04
6.886887e-01 -9.218531e-17 1.023799e-03 1.023799e-03
6.896897e-01 -9.428802e-17 1.117766e-03 1.117766e-03
6.906907e-01 -9.640551e-17 1.211852e-03 1.211852e-03
6.916917e-01 -9.853594e-17 1.306564e-03 1.306564e-03
6.926927e-01 -1.006775e-16 1.400173e-03 1.400173e-03
6.936937e-01 -1.028282e-16 1.494616e-03 1.494616e-03
6.946947e-01 -1.049864e-16 1.587033e-03 1.587033e-03
6.956957e-01 -1.071500e-16 1.680523e-03 1.680523e-03
6.966967e-01 -1.093173e-16 1.773417e-03 1.773417e-03
6.976977e-01 -1.114862e-16 1.866579e-03 1.866579e-03
6.986987e-01 -1.136549e-16 1.958996e-03 1.958996e-03
6.996997e-01 -1.158215e-16 2.052128e-03 2.052128e-03
7.007007e-01 -1.179841e-16 2.144068e-03 2.144068e-03
7.017017e-01 -1.201407e-16 2.236813e-03 2.236813e-03
7.027027e-01 -1.222895e-16 2.328455e-03 2.328455e-03
7.037037e-01 -1.244285e-16 2.421021e-03 2.421021e-03
7.047047e-01 -1.265559e-16 2.513111e-03 2.513111e-03
7.057057e-01 -1.286696e-16 2.605259e-03 2.605259e-03
7.067067e-01 -1.307679e-16 2.696693e-03 2.696693e-03
7.077077e-01 -1.328489e-16 2.789259e-03 2.789259e-03
7.087087e-01 -1.349107e-16 2.880603e-03 2.880603e-03
7.097097e-01 -1.369514e-16 2.972394e-03 2.972394e-03
7.107107e-01 -1.389693e-16 3.064096e-03 3.064096e-03
7.117117e-01 -1.409625e-16 3.155410e-03 3.155410e-03
7.127127e-01 -1.429292e-16 3.247857e-03 3.247857e-03
7.137137e-01 -1.448676e-16 3.339052e-03 3.339052e-03
7.147147e-01 -1.467761e-16 3.430754e-03 3.430754e-03
7.157157e-01 -1.486528e-16 3.522426e-03 3.522426e-03
7.167167e-01 -1.504960e-16 3.614575e-03 3.614575e-03
7.177177e-01 -1.523042e-16 3.706753e-03 3.706753e-03
7.187187e-01 -1.540757e-16 3.799498e-03 3.799498e-03
7.197197e-01 -1.558088e-16 3.891766e-03 3.891766e-03
7.207207e-01 -1.575020e-16 3.983855e-03 3.983855e-03
7.217217e-01 -1.591537e-16 4.077077e-03 4.077077e-03
7.227227e-01 -1.607625e-16 4.169405e-03 4.169405e-03
7.237237e-01 -1.623268e-16 4.262239e-03 4.262239e-03
7.247247e-01 -1.638454e-16 4.355729e-03 4.355729e-03
7.257257e-01 -1.653167e-16 4.449308e-03 4.449308e-03
7.267267e-01 -1.667394e-16 4.543334e-03 4.543334e-03
7.277277e-01 -1.681122e-16 4.637241e-03 4.637241e-03
7.287287e-01 -1.694340e-16 4.731655e-03 4.731655e-03
7.297297e-01 -1.707034e-16 4.826486e-03 4.826486e-03
7.307307e-01 -1.719193e-16 4.921317e-03 4.921317e-03
7.317317e-01 -1.730806e-16 5.016506e-03 5.016506e-03
7.327327e-01 -1.741863e-16 5.112231e-03 5.112231e-03
7.337337e-01 -1.752353e-16 5.208135e-03 5.208135e-03
7.347347e-01 -1.762267e-16 5.304575e-03 5.304575e-03
7.357357e-01 -1.771595e-16 5.400866e-03 5.400866e-03
7.367367e-01 -1.780329e-16 5.498827e-03 5.498827e-03
7.377377e-01 -1.788461e-16 5.595922e-03 5.595922e-03
7.387387e-01 -1.795984e-16 5.693734e-03 5.693734e-03
7.397397e-01 -1.802890e-16 5.791098e-03 5.791098e-03
7.407407e-01 -1.809174e-16 5.890220e-03 5.890220e-03
7.417417e-01 -1.814830e-16 5.988896e-03 5.988896e-03
7.427427e-01 -1.819851e-16 6.088048e-03 6.088048e-03
7.437437e-01 -1.824235e-16 6.188214e-03 6.188214e-03
7.447447e-01 -1.827976e-16 6.288111e-03 6.288111e-03
7.457457e-01 -1.831072e-16 6.388843e-03 6.388843e-03
7.467467e-01 -1.833519e-16 6.489098e-03 6.489098e-03
7.477477e-01 -1.835315e-16 6.590575e-03 6.590575e-03
7.487487e-01 -1.836459e-16 6.692052e-03 6.692052e-03
7.497497e-01 -1.836950e-16 6.794244e-03 6.794244e-03
7.507508e-01 -1.836786e-16 6.896436e-03 6.896436e-03
7.517518e-01 -1.835969e-16 6.999731e-03 6.999731e-03
7.527528e-01 -1.834499e-16 7.102519e-03 7.102519e-03
7.537538e-01 -1.832377e-16 7.205307e-03 7.205307e-03
7.547548e-01 -1.829605e-16 7.308245e-03 7.308245e-03
7.557558e-01 -1.826186e-16 7.412344e-03 7.412344e-03
7.567568e-01 -1.822123e-16 7.516384e-03 7.516384e-03
7.577578e-01 -1.817420e-16 7.620305e-03 7.620305e-03
7.587588e-01 -1.812081e-16 7.725000e-03 7.725000e-03
7.597598e-01 -1.806111e-16 7.829398e-03 7.829398e-03
7.607608e-01 -1.799515e-16 7.934600e-03 7.934600e-03
7.617618e-01 -1.792299e-16 8.039773e-03 8.039773e-03
7.627628e-01 -1.784471e-16 8.144408e-03 8.144408e-03
7.637638e-01 -1.776037e-16 8.250147e-03 8.250147e-03
7.647648e-01 -1.767004e-16 8.355290e-03 8.355290e-03
7.657658e-01 -1.757382e-16 8.460820e-03 8.460820e-03
7.667668e-01 -1.747180e-16 8.566231e-03 8.566231e-03
7.677678e-01 -1.736405e-16 8.671582e-03 8.671582e-03
7.687688e-01 -1.725069e-16 8.776993e-03 8.776993e-03
7.697698e-01 -1.713181e-16 8.882493e-03 8.882493e-03
7.707708e-01 -1.700753e-16 8.988231e-03 8.988231e-03
7.717718e-01 -1.687796e-16 9.093434e-03 9.093434e-03
7.727728e-01 -1.674321e-16 9.198815e-03 9.198815e-03
7.737738e-01 -1.660342e-16 9.304404e-03 9.304404e-03
7.747748e-01 -1.645870e-16 9.408832e-03 9.408832e-03
7.757758e-01 -1.630919e-16 9.514034e-03 9.514034e-03
7.767768e-01 -1.615503e-16 9.618431e-03 9.618431e-03
7.777778e-01 -1.599636e-16 9.723067e-03 9.723067e-03
7.787788e-01 -1.583331e-16 9.827316e-03 9.827316e-03
7.797798e-01 -1.566605e-16 9.931475e-03 9.931475e-03
7.807808e-01 -1.549471e-16 1.003495e-02 1.003495e-02
7.817818e-01 -1.531946e-16 1.013881e-02 1.013881e-02
7.827828e-01 -1.514046e-16 1.024169e-02 1.024169e-02
7.837838e-01 -1.495787e-16 1.034492e-02 1.034492e-02
7.847848e-01 -1.477185e-16 1.044726e-02 1.044726e-02
7.857858e-01 -1.458257e-16 1.054916e-02 1.054916e-02
7.867868e-01 -1.439021e-16 1.065120e-02 1.065120e-02
7.877878e-01 -1.419493e-16 1.075310e-02 1.075310e-02
7.887888e-01 -1.399691e-16 1.085395e-02 1.085395e-02
7.897898e-01 -1.379634e-16 1.095477e-02 1.095477e-02
7.907908e-01 -1.359338e-16 1.105529e-02 1.105529e-02
7.917918e-01 -1.338823e-16 1.115519e-02 1.115519e-02
7.927928e-01 -1.318107e-16 1.125473e-02 1.125473e-02
7.937938e-01 -1.297208e-16 1.135397e-02 1.135397e-02
7.947948e-01 -1.276145e-16 1.145288e-02 1.145288e-02
7.957958e-01 -1.254938e-16 1.155123e-02 1.155123e-02
7.967968e-01 -1.233604e-16 1.164931e-02 1.164931e-02
7.977978e-01 -1.212162e-16 1.174706e-02 1.174706e-02
7.987988e-01 -1.190633e-16 1.184458e-02 1.184458e-02
7.997998e-01 -1.169035e-16 1.194197e-02 1.194197e-02
8.008008e-01 -1.147386e-16 1.203781e-02 1.203781e-02
8.018018e-01 -1.125707e-16 1.213434e-02 1.213434e-02
8.028028e-01 -1.104017e-16 1.223025e-02 1.223025e-02
8.038038e-01 -1.082333e-16 1.232588e-02 1.232588e-02
8.048048e-01 -1.060677e-16 1.242203e-02 1.242203e-02
8.058058e-01 -1.039065e-16 1.251662e-02 1.251662e-02
8.068068e-01 -1.017518e-16 1.261157e-02 1.261157e-02
8.078078e-01 -9.960543e-17 1.270616e-02 1.270616e-02
8.088088e-01 -9.746922e-17 1.280075e-02 1.280075e-02
8.098098e-01 -9.534503e-17 1.289493e-02 1.289493e-02
8.108108e-01 -9.323470e-17 1.298910e-02 1.298910e-02
8.118118e-01 -9.114005e-17 1.308316e-02 1.308316e-02
8.128128e-01 -8.906288e-17 1.317716e-02 1.317716e-02
8.138138e-01 -8.700495e-17 1.327085e-02 1.327085e-02
8.148148e-01 -8.496802e-17 1.336408e-02 1.336408e-02
8.158158e-01 -8.295381e-17 1.345807e-02 1.345807e-02
8.168168e-01 -8.096404e-17 1.355177e-02 1.355177e-02
8.178178e-01 -7.900036e-17 1.364547e-02 1.364547e-02
8.188188e-01 -7.706442e-17 1.373911e-02 1.373911e-02
8.198198e-01 -7.515784e-17 1.383290e-02 1.383290e-02
8.208208e-01 -7.328217e-17 1.392710e-02 1.392710e-02
8.218218e-01 -7.143898e-17 1.402134e-02 1.402134e-02
8.228228e-01 -6.962977e-17 1.411551e-02 1.411551e-02
8.238238e-01 -6.785599e-17 1.420942e-02 1.420942e-02
8.248248e-01 -6.611909e-17 1.430359e-02 1.430359e-02
8.258258e-01 -6.442045e-17 1.439846e-02 1.439846e-02
8.268268e-01 -6.276141e-17 1.449376e-02 1.449376e-02
8.278278e-01 -6.114329e-17 1.458919e-02 1.458919e-02
8.288288e-01 -5.956733e-17 1.468420e-02 1.468420e-02
8.298298e-01 -5.803475e-17 1.478034e-02 1.478034e-02
8.308308e-01 -5.654672e-17 1.487669e-02 1.487669e-02
8.318318e-01 -5.510436e-17 1.497281e-02 1.497281e-02
8.328328e-01 -5.370873e-17 1.507011e-02 1.507011e-02
8.338338e-01 -5.236085e-17 1.516706e-02 1.516706e-02
8.348348e-01 -5.106170e-17 1.526463e-02 1.526463e-02
8.358358e-01 -4.981217e-17 1.536226e-02 1.536226e-02
8.368368e-01 -4.861315e-17 1.546085e-02 1.546085e-02
8.378378e-01 -4.746543e-17 1.555946e-02 1.555946e-02
8.388388e-01 -4.636976e-17 1.565850e-02 1.565850e-02
8.398398e-01 -4.532686e-17 1.575834e-02 1.575834e-02
8.408408e-01 -4.433735e-17 1.585773e-02 1.585773e-02
8.418418e-01 -4.340183e-17 1.595768e-02 1.595768e-02
8.428428e-01 -4.252082e-17 1.605850e-02 1.605850e-02
8.438438e-01 -4.169479e-17 1.615959e-02 1.615959e-02
8.448448e-01 -4.092416e-17 1.626128e-02 1.626128e-02
8.458458e-01 -4.020927e-17 1.636261e-02 1.636261e-02
8.468468e-01 -3.955043e-17 1.646495e-02 1.646495e-02
8.478478e-01 -3.894786e-17 1.656747e-02 1.656747e-02
8.488488e-01 -3.840175e-17 1.667055e-02 1.667055e-02
8.498498e-01 -3.791221e-17 1.677263e-02 1.677263e-02
8.508509e-01 -3.747930e-17 1.687646e-02 1.687646e-02
8.518519e-01 -3.710302e-17 1.697963e-02 1.697963e-02
8.528529e-01 -3.678329e-17 1.708305e-02 1.708305e-02
8.538539e-01 -3.652000e-17 1.718754e-02 1.718754e-02
8.548549e-01 -3.631298e-17 1.729158e-02 1.729158e-02
8.558559e-01 -3.616196e-17 1.739582e-02 1.739582e-02
8.568569e-01 -3.606667e-17 1.750067e-02 1.750067e-02
8.578579e-01 -3.602673e-17 1.760516e-02 1.760516e-02
8.588589e-01 -3.604173e-17 1.770914e-02 1.770914e-02
8.598599e-01 -3.611120e-17 1.781425e-02 1.781425e-02
8.608609e-01 -3.623460e-17 1.791871e-02 1.791871e-02
8.618619e-01 -3.641134e-17 1.802349e-02 1.802349e-02
8.628629e-01 -3.664079e-17 1.812837e-02 1.812837e-02
8.638639e-01 -3.692222e-17 1.823279e-02 1.823279e-02
8.648649e-01 -3.725490e-17 1.833767e-02 1.833767e-02
8.658659e-01 -3.763801e-17 1.844177e-02 1.844177e-02
8.668669e-01 -3.807069e-17 1.854572e-02 1.854572e-02
8.678679e-01 -3.855201e-17 1.865014e-02 1.865014e-02
8.688689e-01 -3.908102e-17 1.875407e-02 1.875407e-02
8.698699e-01 -3.965670e-17 1.885810e-02 1.885810e-02
8.708709e-01 -4.027797e-17 1.896107e-02 1.896107e-02
8.718719e-01 -4.094372e-17 1.906443e-02 1.906443e-02
8.728729e-01 -4.165279e-17 1.916778e-02 1.916778e-02
8.738739e-01 -4.240396e-17 1.927066e-02 1.927066e-02
8.748749e-01 -4.319599e-17 1.937312e-02 1.937312e-02
8.758759e-01 -4.402758e-17 1.947582e-02 1.947582e-02
8.768769e-01 -4.489737e-17 1.957750e-02 1.957750e-02
8.778779e-01 -4.580401e-17 1.967913e-02 1.967913e-02
8.788789e-01 -4.674605e-17 1.978037e-02 1.978037e-02
8.798799e-01 -4.772205e-17 1.988208e-02 1.988208e-02
8.808809e-01 -4.873050e-17 1.998249e-02 1.998249e-02
8.818819e-01 -4.976987e-17 2.008322e-02 2.008322e-02
8.828829e-01 -5.083861e-17 2.018353e-02 2.018353e-02
8.838839e-01 -5.193511e-17 2.028319e-02 2.028319e-02
8.848849e-01 -5.305774e-17 2.038372e-02 2.038372e-02
8.858859e-01 -5.420485e-17 2.048334e-02 2.048334e-02
8.868869e-01 -5.537476e-17 2.058288e-02 2.058288e-02
8.878879e-01 -5.656575e-17 2.068287e-02 2.068287e-02
8.888889e-01 -5.777609e-17 2.078134e-02 2.078134e-02
8.898899e-01 -5.900402e-17 2.088073e-02 2.088073e-02
8.908909e-01 -6.024777e-17 2.097946e-02 2.097946e-02
8.918919e-01 -6.150555e-17 2.107847e-02 2.107847e-02
8.928929e-01 -6.277555e-17 2.117711e-02 2.117711e-02
8.938939e-01 -6.405593e-17 2.127650e-02 2.127650e-02
8.948949e-01 -6.534486e-17 2.137592e-02 2.137592e-02
8.958959e-01 -6.664049e-17 2.147472e-02 2.147472e-02
8.968969e-01 -6.794095e-17 2.157459e-02 2.157459e-02
8.978979e-01 -6.924439e-17 2.167350e-02 2.167350e-02
8.988989e-01 -7.054892e-17 2.177423e-02 2.177423e-02
8.998999e-01 -7.185267e-17 2.187422e-02 2.187422e-02
9.009009e-01 -7.315377e-17 2.197456e-02 2.197456e-02
9.019019e-01 -7.445032e-17 2.207565e-02 2.207565e-02
9.029029e-01 -7.574046e-17 2.217749e-02 2.217749e-02
9.039039e-01 -7.702230e-17 2.227944e-02 2.227944e-02
9.049049e-01 -7.829399e-17 2.238297e-02 2.238297e-02
9.059059e-01 -7.955367e-17 2.248627e-02 2.248627e-02
9.069069e-01 -8.079947e-17 2.259031e-02 2.259031e-02
9.079079e-01 -8.202956e-17 2.269536e-02 2.269536e-02
9.089089e-01 -8.324211e-17 2.280045e-02 2.280045e-02
9.099099e-01 -8.443531e-17 2.290723e-02 2.290723e-02
9.109109e-01 -8.560737e-17 2.301469e-02 2.301469e-02
9.119119e-01 -8.675650e-17 2.312335e-02 2.312335e-02
9.129129e-01 -8.788096e-17 2.323213e-02 2.323213e-02
9.139139e-01 -8.897899e-17 2.334243e-02 2.334243e-02
9.149149e-01 -9.004890e-17 2.345407e-02 2.345407e-02
9.159159e-01 -9.108900e-17 2.356684e-02 2.356684e-02
9.169169e-01 -9.209763e-17 2.368087e-02 2.368087e-02
9.179179e-01 -9.307315e-17 2.379537e-02 2.379537e-02
9.189189e-01 -9.401397e-17 2.391136e-02 2.391136e-02
9.199199e-01 -9.491852e-17 2.402860e-02 2.402860e-02
9.209209e-01 -9.578527e-17 2.414739e-02 2.414739e-02
9.219219e-01 -9.661272e-17 2.426723e-02 2.426723e-02
9.229229e-01 -9.739941e-17 2.438858e-02 2.438858e-02
9.239239e-01 -9.814390e-17 2.451068e-02 2.451068e-02
9.249249e-01 -9.884483e-17 2.463481e-02 2.463481e-02
9.259259e-01 -9.950084e-17 2.475983e-02 2.475983e-02
9.269269e-01 -1.001106e-16 2.488580e-02 2.488580e-02
9.279279e-01 -1.006729e-16 2.501386e-02 2.501386e-02
9.289289e-01 -1.011866e-16 2.514318e-02 2.514318e-02
9.299299e-01 -1.016504e-16 2.527267e-02 2.527267e-02
9.309309e-01 -1.020632e-16 2.540439e-02 2.540439e-02
9.319319e-01 -1.024239e-16 2.553591e-02 2.553591e-02
9.329329e-01 -1.027316e-16 2.567059e-02 2.567059e-02
9.339339e-01 -1.029853e-16 2.580494e-02 2.580494e-02
9.349349e-01 -1.031840e-16 2.594107e-02 2.594107e-02
9.359359e-01 -1.033269e-16 2.607769e-02 2.607769e-02
9.369369e-01 -1.034132e-16 2.621523e-02 2.621523e-02
9.379379e-01 -1.034420e-16 2.635494e-02 2.635494e-02
9.389389e-01 -1.034128e-16 2.649432e-02 2.649432e-02
9.399399e-01 -1.033248e-16 2.663523e-02 2.663523e-02
9.409409e-01 -1.031775e-16 2.677611e-02 2.677611e-02
9.419419e-01 -1.029703e-16 2.691796e-02 2.691796e-02
9.429429e-01 -1.027028e-16 2.706078e-02 2.706078e-02
9.439439e-01 -1.023745e-16 2.720362e-02 2.720362e-02
9.449449e-01 -1.019851e-16 2.734703e-02 2.734703e-02
9.459459e-01 -1.015342e-16 2.749127e-02 2.749127e-02
9.469469e-01 -1.010217e-16 2.763546e-02 2.763546e-02
9.479479e-01 -1.004473e-16 2.778000e-02 2.778000e-02
9.489489e-01 -9.981097e-17 2.792472e-02 2.792472e-02
9.499499e-01 -9.911256e-17 2.806982e-02 2.806982e-02
9.509510e-01 -9.835210e-17 2.821368e-02 2.821368e-02
9.519520e-01 -9.752965e-17 2.835837e-02 2.835837e-02
9.529530e-01 -9.664532e-17 2.850288e-02 2.850288e-02
9.539540e-01 -9.569930e-17 2.864739e-02 2.864739e-02
9.549550e-01 -9.469180e-17 2.879113e-02 2.879113e-02
9.559560e-01 -9.362314e-17 2.893409e-02 2.893409e-02
9.569570e-01 -9.249366e-17 2.907658e-02 2.907658e-02
9.579580e-01 -9.130378e-17 2.921891e-02 2.921891e-02
9.589590e-01 -9.005396e-17 2.936125e-02 2.936125e-02
9.599600e-01 -8.874474e-17 2.950156e-02 2.950156e-02
9.609610e-01 -8.737670e-17 2.964157e-02 2.964157e-02
9.619620e-01 -8.595050e-17 2.978110e-02 2.978110e-02
9.629630e-01 -8.446682e-17 2.991939e-02 2.991939e-02
9.639640e-01 -8.292643e-17 3.005689e-02 3.005689e-02
9.649650e-01 -8.133013e-17 3.019288e-02 3.019288e-02
9.659660e-01 -7.967879e-17 3.032744e-02 3.032744e-02
9.669670e-01 -7.797334e-17 3.046209e-02 3.046209e-02
9.679680e-01 -7.621473e-17 3.059468e-02 3.059468e-02
9.689690e-01 -7.440401e-17 3.072625e-02 3.072625e-02
9.699700e-01 -7.254223e-17 3.085673e-02 3.085673e-02
9.709710e-01 -7.063052e-17 3.098577e-02 3.098577e-02
9.719720e-01 -6.867005e-17 3.111374e-02 3.111374e-02
9.729730e-01 -6.666205e-17 3.123975e-02 3.123975e-02
9.739740e-01 -6.460778e-17 3.136444e-02 3.136444e-02
9.749750e-01 -6.250854e-17 3.148776e-02 3.148776e-02
9.759760e-01 -6.036570e-17 3.161025e-02 3.161025e-02
9.769770e-01 -5.818065e-17 3.173095e-02 3.173095e-02
9.779780e-01 -5.595482e-17 3.185049e-02 3.185049e-02
9.789790e-01 -5.368970e-17 3.196847e-02 3.196847e-02
9.799800e-01 -5.138679e-17 3.208491e-02 3.208491e-02
9.809810e-01 -4.904766e-17 3.220096e-02 3.220096e-02
9.819820e-01 -4.667388e-17 3.231466e-02 3.231466e-02
9.829830e-01 -4.426709e-17 3.242776e-02 3.242776e-02
9.839840e-01 -4.182893e-17 3.253871e-02 3.253871e-02
9.849850e-01 -3.936108e-17 3.264946e-02 3.264946e-02
9.859860e-01 -3.686526e-17 3.275922e-02 3.275922e-02
9.869870e-01 -3.434321e-17 3.286695e-02 3.286695e-02
9.879880e-01 -3.179670e-17 3.297406e-02 3.297406e-02
9.889890e-01 -2.922751e-17 3.307977e-02 3.307977e-02
9.899900e-01 -2.663745e-17 3.318503e-02 3.318503e-02
9.909910e-01 -2.402837e-17 3.328991e-02 3.328991e-02
9.919920e-01 -2.140209e-17 3.339309e-02 3.339309e-02
9.929930e-01 -1.876050e-17 3.349552e-02 3.349552e-02
9.939940e-01 -1.610548e-17 3.359789e-02 3.359789e-02
9.949950e-01 -1.343892e-17 3.369915e-02 3.369915e-02
9.959960e-01 -1.076272e-17 3.379989e-02 3.379989e-02
9.969970e-01 -8.078802e-18 3.390047e-02 3.390047e-02
9.979980e-01 -5.389090e-18 3.400004e-02 3.400004e-02
9.989990e-01 -2.695512e-18 3.409967e-02 3.409967e-02
1.000000e+00 -1.049832e-31 3.419909e-02 3.419909e-02
