# iteration  l2_NN  l2_FF  l2_mFF
0.000000e+00 1.682188e+00 2.358264e+00 1.606916e+00
1.000000e+02 5.199698e-02 2.174255e+00 6.743564e-01
2.000000e+02 3.653604e-02 2.054155e+00 3.468681e-01
3.000000e+02 1.339486e-02 1.936503e+00 1.869666e-01
4.000000e+02 2.092526e-02 1.824218e+00 9.199494e-02
5.000000e+02 2.480934e-02 1.712663e+00 3.802870e-02
6.000000e+02 2.297151e-02 1.606064e+00 2.764952e-02
7.000000e+02 1.499943e-02 1.503808e+00 2.345913e-02
8.000000e+02 3.449307e-03 1.405289e+00 2.528858e-02
9.000000e+02 7.621646e-03 1.312294e+00 2.623840e-02
1.000000e+03 1.307794e-02 1.224061e+00 2.808840e-02
1.100000e+03 1.225480e-02 1.140210e+00 3.191792e-02
1.200000e+03 4.547219e-03 1.060341e+00 3.163040e-02
1.300000e+03 2.179738e-02 9.846020e-01 3.073844e-02
1.400000e+03 1.653435e-02 9.148510e-01 3.321010e-02
1.500000e+03 1.023359e-02 8.475317e-01 3.283025e-02
1.600000e+03 5.235853e-03 7.847291e-01 2.818595e-02
1.700000e+03 1.555011e-02 7.261412e-01 3.098485e-02
1.800000e+03 6.659234e-03 6.721748e-01 2.781203e-02
1.900000e+03 4.983935e-03 6.218079e-01 3.079195e-02
2.000000e+03 4.228783e-03 5.765320e-01 3.534368e-02
2.100000e+03 7.688798e-03 5.350013e-01 2.737503e-02
2.200000e+03 4.986895e-03 4.968628e-01 3.164643e-02
2.300000e+03 4.503558e-03 4.639869e-01 2.455983e-02
2.400000e+03 2.446541e-03 4.377485e-01 3.419021e-02
2.500000e+03 7.007364e-03 4.137901e-01 5.506609e-02
2.600000e+03 2.554210e-03 3.934512e-01 4.922396e-02
2.700000e+03 5.487780e-03 3.799512e-01 4.803243e-02
2.800000e+03 2.246313e-03 3.601893e-01 4.287945e-02
2.900000e+03 1.723162e-03 3.486521e-01 2.715761e-02
3.000000e+03 2.592604e-03 3.381886e-01 3.031441e-02
3.100000e+03 7.753426e-03 3.313787e-01 2.734015e-02
3.200000e+03 1.330528e-02 3.237661e-01 2.253435e-02
3.300000e+03 1.001264e-02 3.224108e-01 2.387665e-02
3.400000e+03 4.467673e-03 3.177895e-01 2.345450e-02
3.500000e+03 4.734675e-03 3.148136e-01 2.627120e-02
3.600000e+03 4.618311e-03 3.122989e-01 2.797178e-02
3.700000e+03 1.044194e-02 3.132488e-01 3.752890e-02
3.800000e+03 4.024224e-03 3.185628e-01 2.745803e-02
3.900000e+03 3.779537e-03 3.157009e-01 2.898076e-02
4.000000e+03 3.517670e-03 3.119414e-01 2.029685e-02
4.100000e+03 2.864410e-03 3.104589e-01 2.723401e-02
4.200000e+03 5.642681e-03 3.096975e-01 1.756569e-02
4.300000e+03 1.018668e-02 3.111945e-01 1.712938e-02
4.400000e+03 2.827263e-03 3.082413e-01 2.900563e-02
4.500000e+03 3.715406e-03 3.077280e-01 1.940213e-02
4.600000e+03 3.773592e-03 3.104987e-01 2.880673e-02
4.700000e+03 4.843305e-03 3.117631e-01 4.158899e-02
4.800000e+03 7.538514e-03 3.108479e-01 4.420130e-02
4.900000e+03 1.006790e-02 3.092065e-01 1.935827e-02
5.000000e+03 2.416466e-03 3.080322e-01 1.558872e-02
5.100000e+03 4.326944e-03 3.069790e-01 1.396643e-02
5.200000e+03 1.390869e-03 3.055277e-01 1.851720e-02
5.300000e+03 2.149839e-03 3.071210e-01 1.491335e-02
5.400000e+03 6.127282e-03 3.094037e-01 1.183044e-02
5.500000e+03 1.905932e-03 3.118708e-01 2.409577e-02
5.600000e+03 3.272890e-03 3.095588e-01 1.484034e-02
5.700000e+03 5.926047e-03 3.087139e-01 2.007875e-02
5.800000e+03 3.372189e-03 3.070307e-01 1.241205e-02
5.900000e+03 6.814667e-03 3.070334e-01 1.598792e-02
6.000000e+03 1.816449e-02 3.056721e-01 1.549314e-02
6.100000e+03 1.352763e-03 3.050143e-01 1.208571e-02
6.200000e+03 1.968946e-03 3.044276e-01 1.208758e-02
6.300000e+03 3.502168e-03 3.047092e-01 8.406355e-03
6.400000e+03 7.207839e-03 3.035619e-01 1.606686e-02
6.500000e+03 4.138171e-03 3.052035e-01 1.460708e-02
6.600000e+03 3.570837e-03 3.037669e-01 5.602119e-03
6.700000e+03 8.267389e-03 3.030718e-01 1.428482e-02
6.800000e+03 1.363112e-03 3.034709e-01 2.518020e-02
6.900000e+03 2.457355e-03 3.029502e-01 1.458972e-02
7.000000e+03 7.315536e-04 3.024987e-01 1.828643e-02
7.100000e+03 3.014425e-03 3.050282e-01 6.741009e-03
7.200000e+03 5.397448e-03 3.085883e-01 2.408804e-02
7.300000e+03 1.730193e-03 3.088977e-01 1.223561e-02
7.400000e+03 4.429248e-03 3.070046e-01 2.487919e-02
7.500000e+03 5.438717e-03 3.051848e-01 2.971041e-02
7.600000e+03 4.402409e-03 3.039771e-01 1.462863e-02
7.700000e+03 2.106625e-03 3.032236e-01 6.708820e-03
7.800000e+03 7.064769e-03 3.026823e-01 1.154541e-02
7.900000e+03 3.398664e-03 3.019817e-01 8.462813e-03
8.000000e+03 2.174716e-03 3.014391e-01 1.010427e-02
8.100000e+03 3.997371e-03 3.001401e-01 1.922767e-02
8.200000e+03 6.409481e-03 2.997750e-01 3.008414e-02
8.300000e+03 4.672653e-03 2.989281e-01 4.611476e-03
8.400000e+03 2.723983e-03 2.991753e-01 2.271386e-02
8.500000e+03 3.774580e-03 2.969623e-01 9.634972e-03
8.600000e+03 4.974358e-03 2.989713e-01 1.657864e-02
8.700000e+03 2.400247e-03 3.022585e-01 4.499738e-02
8.800000e+03 1.921163e-03 3.008451e-01 1.102082e-02
8.900000e+03 1.440558e-03 2.991449e-01 1.150699e-02
9.000000e+03 3.727865e-03 2.981999e-01 1.172525e-02
9.100000e+03 3.015569e-03 2.978266e-01 4.692507e-03
9.200000e+03 4.857732e-03 2.968212e-01 6.217703e-03
9.300000e+03 9.217689e-03 2.961306e-01 7.940070e-03
9.400000e+03 5.601640e-03 2.962130e-01 7.881353e-03
9.500000e+03 5.103178e-03 2.994323e-01 7.116350e-03
9.600000e+03 2.745840e-03 2.958318e-01 9.662800e-03
9.700000e+03 1.787820e-03 2.968963e-01 1.606119e-02
9.800000e+03 3.373413e-03 2.964360e-01 8.871051e-03
9.900000e+03 2.815968e-03 2.949306e-01 6.863694e-03
1.000000e+04 3.037283e-03 2.954302e-01 2.018081e-02
1.010000e+04 1.785957e-03 2.939394e-01 7.742095e-03
1.020000e+04 3.610339e-03 2.926953e-01 3.460431e-02
1.030000e+04 1.756245e-03 2.924278e-01 1.121199e-02
1.040000e+04 1.480385e-03 2.925880e-01 1.436841e-02
1.050000e+04 4.387617e-03 2.917924e-01 4.364937e-03
1.060000e+04 3.048062e-03 2.921892e-01 2.545607e-03
1.070000e+04 2.522217e-03 2.917349e-01 2.437826e-03
1.080000e+04 1.036059e-03 2.912910e-01 4.783069e-03
1.090000e+04 2.739719e-03 2.908118e-01 7.657418e-03
1.100000e+04 1.064015e-02 2.901388e-01 1.014016e-02
1.110000e+04 1.173245e-03 2.896696e-01 1.797178e-02
1.120000e+04 5.617489e-03 2.892127e-01 1.931977e-02
1.130000e+04 8.688553e-04 2.889200e-01 1.325627e-02
1.140000e+04 1.742475e-03 2.900340e-01 4.205934e-03
1.150000e+04 3.616793e-03 2.903131e-01 1.453747e-02
1.160000e+04 5.806974e-03 2.893015e-01 1.262259e-02
1.170000e+04 1.184281e-03 2.891817e-01 3.173631e-03
1.180000e+04 2.941971e-03 2.883985e-01 1.264878e-02
1.190000e+04 3.152347e-03 2.876175e-01 1.112179e-02
1.200000e+04 2.156521e-03 2.870366e-01 4.436480e-03
1.210000e+04 2.226825e-03 2.860338e-01 9.011646e-03
1.220000e+04 3.387632e-03 2.856275e-01 2.013654e-02
1.230000e+04 2.565302e-03 2.853098e-01 7.127107e-03
1.240000e+04 3.220240e-03 2.837597e-01 3.382262e-03
1.250000e+04 4.224478e-04 2.846766e-01 3.751611e-03
1.260000e+04 3.155233e-03 2.841769e-01 4.651948e-03
1.270000e+04 1.553344e-03 2.829849e-01 1.023881e-02
1.280000e+04 1.535869e-03 2.832501e-01 1.487395e-02
1.290000e+04 4.284339e-03 2.829483e-01 8.054381e-03
1.300000e+04 1.753206e-03 2.823394e-01 1.468773e-02
1.310000e+04 8.462627e-03 2.818207e-01 6.174498e-03
1.320000e+04 6.474120e-03 2.812621e-01 4.211013e-03
1.330000e+04 3.698737e-04 2.814842e-01 5.504538e-03
1.340000e+04 1.253761e-03 2.819445e-01 3.087689e-03
1.350000e+04 1.497772e-03 2.802084e-01 4.602139e-03
1.360000e+04 2.043798e-03 2.799546e-01 6.866705e-03
1.370000e+04 2.415040e-03 2.803937e-01 6.315497e-03
1.380000e+04 7.822644e-04 2.800909e-01 7.611011e-03
1.390000e+04 5.490837e-03 2.797715e-01 5.157346e-03
1.400000e+04 5.900850e-03 2.794634e-01 1.220937e-02
1.410000e+04 1.395410e-03 2.788788e-01 6.184788e-03
1.420000e+04 1.201857e-03 2.782719e-01 3.773699e-03
1.430000e+04 5.936966e-03 2.777284e-01 5.190649e-03
1.440000e+04 1.755041e-03 2.771578e-01 1.870978e-02
1.450000e+04 1.526199e-03 2.767130e-01 8.619450e-03
1.460000e+04 4.152163e-03 2.770657e-01 6.741387e-03
1.470000e+04 1.281572e-03 2.758879e-01 1.620864e-02
1.480000e+04 2.770776e-03 2.752864e-01 9.047830e-03
1.490000e+04 3.722226e-04 2.758007e-01 1.329643e-02
1.500000e+04 1.101569e-03 2.759378e-01 2.465536e-03
1.510000e+04 1.608163e-03 2.753759e-01 3.722819e-03
1.520000e+04 2.685792e-03 2.744164e-01 2.202753e-03
1.530000e+04 1.224085e-03 2.740037e-01 3.006047e-03
1.540000e+04 5.659055e-04 2.732069e-01 5.419526e-03
1.550000e+04 8.972185e-04 2.729573e-01 3.421836e-03
1.560000e+04 1.396581e-03 2.723956e-01 3.808835e-03
1.570000e+04 6.248412e-04 2.718224e-01 1.402988e-02
1.580000e+04 6.542857e-04 2.712500e-01 1.022434e-02
1.590000e+04 2.405315e-03 2.709960e-01 1.266140e-02
1.600000e+04 1.710235e-03 2.711996e-01 5.761287e-03
1.610000e+04 2.110985e-03 2.707493e-01 6.176923e-03
1.620000e+04 1.178864e-03 2.701830e-01 3.580004e-03
1.630000e+04 3.123264e-03 2.692468e-01 8.032812e-03
1.640000e+04 5.845866e-03 2.691132e-01 4.343284e-03
1.650000e+04 1.728602e-03 2.688546e-01 4.944919e-03
1.660000e+04 9.941065e-04 2.687578e-01 2.546401e-03
1.670000e+04 1.613089e-03 2.680029e-01 7.865281e-03
1.680000e+04 1.755382e-03 2.672488e-01 7.082429e-03
1.690000e+04 1.831792e-03 2.673022e-01 5.933356e-03
1.700000e+04 9.590712e-04 2.666038e-01 2.718358e-03
1.710000e+04 3.999335e-03 2.663560e-01 2.073608e-03
1.720000e+04 1.988310e-03 2.658128e-01 2.543832e-03
1.730000e+04 6.233360e-04 2.650145e-01 2.019682e-03
1.740000e+04 2.601225e-04 2.647323e-01 2.304918e-03
1.750000e+04 9.986224e-04 2.643077e-01 4.187295e-03
1.760000e+04 9.533504e-04 2.650900e-01 3.402989e-03
1.770000e+04 1.155705e-03 2.642112e-01 8.425819e-03
1.780000e+04 2.447493e-03 2.634532e-01 1.424268e-02
1.790000e+04 1.531503e-03 2.628598e-01 2.767083e-03
1.800000e+04 1.092721e-03 2.622213e-01 1.620379e-03
1.810000e+04 1.070483e-03 2.618268e-01 1.715003e-03
1.820000e+04 3.391425e-04 2.616718e-01 1.889831e-03
1.830000e+04 1.809443e-03 2.609883e-01 1.575029e-03
1.840000e+04 1.180977e-03 2.608649e-01 4.169439e-03
1.850000e+04 1.134333e-03 2.602095e-01 7.068104e-03
1.860000e+04 3.778087e-03 2.598697e-01 3.517360e-03
1.870000e+04 1.954029e-03 2.590376e-01 4.630022e-03
1.880000e+04 5.986585e-04 2.587485e-01 3.461386e-03
1.890000e+04 3.315204e-04 2.580157e-01 1.444911e-02
1.900000e+04 1.201569e-03 2.578028e-01 3.174745e-03
1.910000e+04 1.855092e-03 2.578068e-01 4.786059e-03
1.920000e+04 4.030588e-04 2.574052e-01 2.618246e-03
1.930000e+04 4.287010e-04 2.565683e-01 2.982022e-03
1.940000e+04 2.296112e-04 2.564442e-01 4.525525e-03
1.950000e+04 2.481017e-03 2.563708e-01 4.216193e-03
1.960000e+04 5.464630e-04 2.556665e-01 8.507953e-03
1.970000e+04 5.860740e-04 2.548919e-01 1.509513e-02
1.980000e+04 5.058425e-04 2.546719e-01 8.169890e-03
1.990000e+04 4.767853e-03 2.539150e-01 2.741444e-03
2.000000e+04 2.291734e-03 2.538421e-01 1.472805e-03
2.010000e+04 5.055861e-04 2.533852e-01 1.500969e-03
2.020000e+04 1.053381e-03 2.530872e-01 1.771855e-03
2.030000e+04 5.523557e-04 2.520569e-01 1.931660e-03
2.040000e+04 5.333963e-03 2.519512e-01 1.436649e-03
2.050000e+04 1.764670e-03 2.522125e-01 3.027445e-03
2.060000e+04 5.433233e-04 2.513920e-01 2.003721e-03
2.070000e+04 5.588186e-04 2.509946e-01 1.514197e-03
2.080000e+04 5.233532e-04 2.505677e-01 2.588259e-03
2.090000e+04 3.516227e-04 2.501712e-01 1.942018e-03
2.100000e+04 1.303352e-03 2.494898e-01 7.801897e-03
2.110000e+04 1.531026e-03 2.490017e-01 3.007353e-03
2.120000e+04 9.549158e-04 2.483839e-01 1.855332e-03
2.130000e+04 9.113846e-04 2.480865e-01 5.412497e-03
2.140000e+04 2.011467e-03 2.478317e-01 5.226416e-03
2.150000e+04 6.680907e-04 2.470503e-01 1.813372e-03
2.160000e+04 3.100226e-04 2.467110e-01 1.750088e-03
2.170000e+04 1.031429e-03 2.462905e-01 1.132612e-03
2.180000e+04 2.098861e-03 2.457917e-01 1.194694e-03
2.190000e+04 7.042641e-04 2.451034e-01 1.239191e-03
2.200000e+04 2.532344e-03 2.445960e-01 2.227423e-03
2.210000e+04 1.473542e-03 2.448520e-01 9.709226e-03
2.220000e+04 5.069804e-04 2.441123e-01 6.316039e-03
2.230000e+04 7.620261e-04 2.437028e-01 4.950499e-03
2.240000e+04 1.753926e-03 2.430898e-01 9.088585e-03
2.250000e+04 1.474551e-03 2.425066e-01 2.673686e-03
2.260000e+04 1.541645e-03 2.422812e-01 3.639464e-03
2.270000e+04 8.147969e-04 2.419901e-01 1.829761e-03
2.280000e+04 8.556706e-04 2.413538e-01 2.494423e-03
2.290000e+04 5.753896e-04 2.411661e-01 2.837997e-03
2.300000e+04 8.409590e-04 2.402963e-01 1.736411e-03
2.310000e+04 4.620911e-04 2.403842e-01 3.729102e-03
2.320000e+04 2.075342e-03 2.398219e-01 3.477909e-03
2.330000e+04 5.086569e-04 2.392868e-01 1.949928e-03
2.340000e+04 6.092834e-04 2.388289e-01 1.194765e-03
2.350000e+04 1.849915e-03 2.383125e-01 1.436018e-03
2.360000e+04 1.507474e-03 2.378322e-01 1.748032e-03
2.370000e+04 1.195400e-03 2.383964e-01 3.693996e-03
2.380000e+04 8.176188e-04 2.371170e-01 1.458453e-03
2.390000e+04 1.284015e-03 2.362395e-01 4.916291e-03
2.400000e+04 2.341942e-04 2.365983e-01 1.456603e-03
2.410000e+04 1.165650e-03 2.361758e-01 1.092955e-03
2.420000e+04 7.719309e-04 2.356493e-01 1.567661e-03
2.430000e+04 3.647758e-04 2.351129e-01 5.678381e-03
2.440000e+04 4.832724e-04 2.346500e-01 6.119791e-03
2.450000e+04 7.722038e-04 2.341263e-01 2.660427e-03
2.460000e+04 8.389175e-04 2.339382e-01 2.418982e-03
2.470000e+04 7.761997e-04 2.332227e-01 3.663694e-03
2.480000e+04 1.313261e-03 2.331078e-01 6.174617e-03
2.490000e+04 1.029040e-03 2.325058e-01 7.498179e-03
2.500000e+04 9.974758e-04 2.320227e-01 5.833035e-03
2.510000e+04 5.160880e-04 2.314816e-01 1.581130e-03
2.520000e+04 6.514574e-04 2.308208e-01 1.964252e-03
2.530000e+04 7.959663e-04 2.307864e-01 1.898388e-03
2.540000e+04 1.561050e-03 2.301959e-01 2.517792e-03
2.550000e+04 3.358446e-04 2.297434e-01 1.471837e-03
2.560000e+04 1.034304e-03 2.296453e-01 3.867873e-03
2.570000e+04 1.301701e-03 2.293701e-01 7.849504e-04
2.580000e+04 1.817429e-03 2.290428e-01 1.734640e-03
2.590000e+04 2.633700e-04 2.284455e-01 1.654178e-03
2.600000e+04 8.305485e-04 2.280565e-01 2.388391e-03
2.610000e+04 1.647979e-03 2.274682e-01 2.841388e-03
2.620000e+04 4.605352e-04 2.270768e-01 1.920967e-03
2.630000e+04 1.494277e-03 2.264297e-01 2.194783e-03
2.640000e+04 1.672561e-03 2.263196e-01 3.509329e-03
2.650000e+04 7.097156e-04 2.259360e-01 3.325798e-03
2.660000e+04 8.499325e-05 2.253378e-01 2.258514e-03
2.670000e+04 7.190696e-04 2.250460e-01 3.160957e-03
2.680000e+04 7.060941e-04 2.245512e-01 4.598560e-03
2.690000e+04 6.184124e-04 2.239612e-01 8.890476e-03
2.700000e+04 2.145528e-03 2.234117e-01 1.022325e-03
2.710000e+04 1.437420e-03 2.232827e-01 8.304005e-04
2.720000e+04 3.411316e-04 2.231764e-01 2.604923e-03
2.730000e+04 4.607785e-04 2.226096e-01 1.890769e-03
2.740000e+04 5.219304e-04 2.220321e-01 3.964682e-03
2.750000e+04 2.734538e-04 2.215116e-01 3.942693e-03
2.760000e+04 7.422823e-04 2.209643e-01 2.855652e-03
2.770000e+04 1.013979e-03 2.204936e-01 1.021849e-03
2.780000e+04 8.410689e-04 2.201235e-01 2.320537e-03
2.790000e+04 9.404990e-04 2.200282e-01 2.389567e-03
2.800000e+04 4.940164e-04 2.193108e-01 1.791008e-03
2.810000e+04 6.365032e-04 2.191941e-01 1.031849e-03
2.820000e+04 6.043629e-04 2.186568e-01 2.059457e-03
2.830000e+04 6.946161e-04 2.183011e-01 2.409898e-03
2.840000e+04 9.694919e-04 2.176514e-01 3.426072e-03
2.850000e+04 5.228103e-04 2.172671e-01 1.492660e-03
2.860000e+04 4.413465e-04 2.170217e-01 2.242419e-03
2.870000e+04 4.377539e-04 2.162670e-01 1.127570e-03
2.880000e+04 7.674297e-04 2.158887e-01 9.672320e-04
2.890000e+04 4.097419e-04 2.155868e-01 9.660200e-04
2.900000e+04 1.111590e-03 2.152558e-01 1.194499e-03
2.910000e+04 4.876998e-04 2.147788e-01 1.920220e-03
2.920000e+04 1.044390e-03 2.142236e-01 3.306274e-03
2.930000e+04 5.515972e-04 2.137825e-01 2.025759e-03
2.940000e+04 1.396493e-03 2.135324e-01 3.274311e-03
2.950000e+04 8.390247e-04 2.127843e-01 6.739490e-04
2.960000e+04 3.356520e-04 2.127905e-01 1.218007e-03
2.970000e+04 2.529648e-04 2.123332e-01 2.737649e-03
2.980000e+04 1.567963e-03 2.119197e-01 8.205693e-04
2.990000e+04 7.452076e-04 2.114622e-01 6.138023e-04
3.000000e+04 5.913992e-04 2.109644e-01 1.275042e-03
3.010000e+04 1.381211e-03 2.104690e-01 2.308815e-03
3.020000e+04 5.725659e-04 2.100146e-01 1.292547e-03
3.030000e+04 1.682702e-03 2.097432e-01 1.750827e-03
3.040000e+04 4.850929e-04 2.091696e-01 1.150613e-03
3.050000e+04 5.391595e-04 2.085488e-01 1.502620e-03
3.060000e+04 2.792650e-04 2.082722e-01 3.864243e-04
3.070000e+04 4.527685e-04 2.078500e-01 2.778065e-03
3.080000e+04 1.843656e-03 2.076252e-01 1.500842e-03
3.090000e+04 8.539935e-04 2.070252e-01 2.481143e-03
3.100000e+04 9.107963e-04 2.066030e-01 2.670893e-03
3.110000e+04 1.135648e-03 2.063386e-01 1.831893e-03
3.120000e+04 8.228092e-04 2.059966e-01 2.526339e-03
3.130000e+04 3.560885e-04 2.054614e-01 9.836539e-04
3.140000e+04 5.196023e-04 2.050604e-01 1.296199e-03
3.150000e+04 3.644806e-04 2.047025e-01 1.639557e-03
3.160000e+04 5.224304e-04 2.043297e-01 1.576923e-03
3.170000e+04 8.028311e-04 2.037906e-01 9.716604e-04
3.180000e+04 6.449634e-04 2.034055e-01 1.001100e-03
3.190000e+04 4.643837e-04 2.029354e-01 2.983703e-03
3.200000e+04 6.478097e-04 2.025928e-01 7.323901e-04
3.210000e+04 1.083047e-03 2.020823e-01 1.378663e-03
3.220000e+04 3.721613e-04 2.017084e-01 9.304975e-04
3.230000e+04 5.967324e-04 2.012936e-01 4.255408e-04
3.240000e+04 1.028907e-04 2.008957e-01 1.160372e-03
3.250000e+04 4.573325e-04 2.004883e-01 3.971540e-04
3.260000e+04 8.231997e-04 2.000490e-01 1.441121e-03
3.270000e+04 2.652966e-04 1.995228e-01 2.050244e-03
3.280000e+04 5.058147e-04 1.991706e-01 8.501458e-04
3.290000e+04 3.666367e-04 1.986480e-01 9.442810e-04
3.300000e+04 1.927012e-04 1.983206e-01 2.633588e-03
3.310000e+04 4.652003e-04 1.979375e-01 1.428270e-03
3.320000e+04 1.904845e-04 1.973985e-01 1.280971e-03
3.330000e+04 3.014664e-04 1.971808e-01 5.752644e-04
3.340000e+04 6.330607e-04 1.966614e-01 7.177159e-04
3.350000e+04 5.066283e-04 1.962672e-01 9.719304e-04
3.360000e+04 7.300594e-04 1.958209e-01 7.496751e-04
3.370000e+04 5.852764e-04 1.954250e-01 1.733977e-03
3.380000e+04 3.244519e-04 1.951730e-01 1.019866e-03
3.390000e+04 4.648640e-04 1.946151e-01 1.534188e-03
3.400000e+04 6.186546e-04 1.942100e-01 1.733190e-03
3.410000e+04 5.262683e-04 1.938764e-01 6.944439e-04
3.420000e+04 1.601244e-04 1.934355e-01 7.957883e-04
3.430000e+04 5.650500e-04 1.930309e-01 4.637106e-04
3.440000e+04 5.712690e-04 1.927082e-01 1.464331e-03
3.450000e+04 6.275948e-04 1.921491e-01 1.046228e-03
3.460000e+04 1.430087e-04 1.917279e-01 9.972204e-04
3.470000e+04 3.408477e-04 1.911884e-01 7.802367e-04
3.480000e+04 4.889860e-04 1.909406e-01 4.423574e-04
3.490000e+04 4.489812e-04 1.904201e-01 1.395411e-03
3.500000e+04 7.747873e-04 1.901443e-01 1.762957e-03
3.510000e+04 2.605349e-04 1.896603e-01 5.572614e-04
3.520000e+04 3.571944e-04 1.891322e-01 4.400353e-04
3.530000e+04 2.392035e-04 1.887654e-01 6.638164e-04
3.540000e+04 2.555767e-04 1.883789e-01 1.215666e-03
3.550000e+04 1.206523e-04 1.880328e-01 5.168152e-04
3.560000e+04 5.969848e-04 1.877006e-01 7.604776e-04
3.570000e+04 7.635023e-04 1.871683e-01 8.779534e-04
3.580000e+04 4.750289e-04 1.867756e-01 6.626920e-04
3.590000e+04 3.941485e-04 1.863239e-01 1.304217e-03
3.600000e+04 6.425289e-04 1.859529e-01 9.723226e-04
3.610000e+04 6.250863e-04 1.855776e-01 1.689135e-03
3.620000e+04 1.899731e-04 1.850497e-01 5.661954e-04
3.630000e+04 6.742201e-04 1.846925e-01 9.646848e-04
3.640000e+04 4.282789e-04 1.842822e-01 2.079186e-03
3.650000e+04 5.909782e-04 1.838300e-01 4.011843e-04
3.660000e+04 7.033640e-04 1.834152e-01 9.377468e-04
3.670000e+04 6.002121e-04 1.830807e-01 9.287552e-04
3.680000e+04 9.388092e-05 1.827169e-01 7.837418e-04
3.690000e+04 6.302288e-04 1.822609e-01 1.064024e-03
3.700000e+04 3.812370e-04 1.818500e-01 9.982475e-04
3.710000e+04 3.403494e-04 1.815357e-01 5.121945e-04
3.720000e+04 2.733145e-04 1.811049e-01 7.829812e-04
3.730000e+04 2.698911e-04 1.807601e-01 5.817747e-04
3.740000e+04 3.725321e-04 1.803924e-01 1.253299e-03
3.750000e+04 2.695974e-04 1.800022e-01 6.697457e-04
3.760000e+04 1.652760e-04 1.795466e-01 5.161117e-04
3.770000e+04 4.806503e-04 1.792288e-01 7.912861e-04
3.780000e+04 2.575765e-04 1.788035e-01 4.333036e-04
3.790000e+04 8.995196e-05 1.784122e-01 6.877059e-04
3.800000e+04 2.838279e-04 1.780246e-01 1.364376e-03
3.810000e+04 1.356720e-04 1.776724e-01 8.614803e-04
3.820000e+04 6.301250e-04 1.773016e-01 1.107849e-03
3.830000e+04 3.688046e-04 1.769250e-01 1.166869e-03
3.840000e+04 4.676295e-04 1.765070e-01 5.279916e-04
3.850000e+04 2.424153e-04 1.761637e-01 1.255095e-03
3.860000e+04 4.846866e-04 1.758745e-01 5.847826e-04
3.870000e+04 4.534961e-04 1.753734e-01 3.802838e-04
3.880000e+04 7.391161e-04 1.749474e-01 2.943592e-04
3.890000e+04 9.512968e-05 1.745627e-01 4.101293e-04
3.900000e+04 5.691975e-04 1.742899e-01 6.107387e-04
3.910000e+04 1.797554e-04 1.738150e-01 5.338126e-04
3.920000e+04 3.442479e-04 1.735308e-01 4.086183e-04
3.930000e+04 4.965045e-04 1.731438e-01 7.298887e-04
3.940000e+04 3.691345e-04 1.727613e-01 1.080049e-03
3.950000e+04 2.305143e-04 1.722933e-01 1.770941e-03
3.960000e+04 7.643969e-04 1.719382e-01 3.873357e-04
3.970000e+04 1.640964e-04 1.714981e-01 4.480471e-04
3.980000e+04 2.207182e-04 1.711407e-01 2.298453e-04
3.990000e+04 4.426037e-04 1.708723e-01 5.339806e-04
