6.722864e+03
6.935918e+02
3.223119e+02
1.953029e+02
1.428806e+02
1.217430e+02
1.084291e+02
8.120675e+01
7.357327e+01
6.901868e+01
6.071822e+01
5.907524e+01
4.102103e+01
3.740056e+01
3.598128e+01
3.165250e+01
2.943574e+01
2.727846e+01
2.560732e+01
2.386488e+01
1.925527e+01
1.774291e+01
1.493912e+01
1.460538e+01
1.388085e+01
1.069428e+01
9.690910e+00
6.075068e+00
2.515386e+00
1.926211e+00
1.765061e+00
1.532571e+00
1.484025e+00
1.149619e+00
1.102957e+00
1.039985e+00
8.589826e-01
8.236857e-01
7.265373e-01
6.235465e-01
5.326928e-01
4.414856e-01
3.751693e-01
3.575652e-01
3.005501e-01
2.657557e-01
2.314040e-01
1.973781e-01
1.662224e-01
1.474783e-01
1.432915e-01
1.125998e-01
9.723558e-02
9.098099e-02
8.265761e-02
6.409205e-02
5.800393e-02
5.507153e-02
4.748601e-02
4.448160e-02
3.690080e-02
3.447426e-02
3.186277e-02
2.525804e-02
