9.529505e+08
7.685549e+08
5.743976e+08
5.065962e+08
4.767784e+08
4.363900e+08
4.201872e+08
3.945384e+08
3.590426e+08
3.375370e+08
2.809906e+08
2.489630e+08
2.374826e+08
2.249027e+08
2.094620e+08
2.000730e+08
1.895573e+08
1.800355e+08
1.725882e+08
1.699831e+08
1.641551e+08
1.593703e+08
1.534478e+08
1.445756e+08
1.377530e+08
1.340776e+08
1.258882e+08
1.235352e+08
1.198086e+08
1.160904e+08
1.109528e+08
1.059293e+08
1.028249e+08
9.763899e+07
9.192308e+07
9.144633e+07
8.738535e+07
8.410278e+07
8.067501e+07
7.684190e+07
7.388246e+07
7.241381e+07
6.809690e+07
6.537845e+07
6.158585e+07
5.878777e+07
5.708091e+07
5.286376e+07
4.803895e+07
4.536036e+07
4.383345e+07
4.045081e+07
3.779789e+07
3.448696e+07
3.034732e+07
2.457202e+07
1.983864e+07
1.413995e+07
1.070432e+07
5.359250e+06
2.289940e+06
1.555385e+06
1.013182e+06
5.780334e+05
