5.455894e+03
1.553487e+03
2.800146e+02
5.415664e+01
7.883186e+00
1.866710e+00
2.039137e-01
4.387205e-02
7.079899e-03
1.116346e-03
1.907599e-04
1.177133e-04
1.071269e-04
9.830962e-05
9.074956e-05
8.807996e-05
8.354650e-05
8.030513e-05
7.201259e-05
6.818131e-05
6.133268e-05
5.505082e-05
5.392336e-05
5.008234e-05
4.706113e-05
4.586731e-05
3.965581e-05
3.708627e-05
3.348952e-05
2.569560e-05
2.393700e-05
1.592280e-05
1.332122e-05
1.127375e-05
1.033723e-05
9.845535e-07
-2.058878e-06
-5.853482e-06
-7.726921e-06
-1.253198e-05
-1.366757e-05
-1.965204e-05
-2.070810e-05
-2.525881e-05
-2.909177e-05
-3.470227e-05
-3.852060e-05
-4.113436e-05
-4.346989e-05
-4.794834e-05
-4.964285e-05
-5.808241e-05
-5.997625e-05
-6.171356e-05
-6.706452e-05
-6.976711e-05
-7.442416e-05
-7.952418e-05
-8.564292e-05
-9.314364e-05
-1.046029e-04
-1.073928e-04
-1.141683e-04
-1.255848e-04
