6.649784e+03
7.026698e+02
3.283701e+02
1.970151e+02
1.450764e+02
1.239729e+02
1.117943e+02
8.398073e+01
7.617773e+01
7.144992e+01
6.305737e+01
6.069508e+01
4.303679e+01
3.944559e+01
3.753849e+01
3.293933e+01
3.144072e+01
2.849814e+01
2.658094e+01
2.487789e+01
2.004492e+01
1.843108e+01
1.564939e+01
1.527414e+01
1.453007e+01
1.120073e+01
1.011303e+01
6.354168e+00
2.627568e+00
2.048545e+00
1.877597e+00
1.622776e+00
1.568114e+00
1.211467e+00
1.157493e+00
1.100619e+00
9.078740e-01
8.772218e-01
7.760271e-01
6.587384e-01
5.668977e-01
4.666165e-01
4.029598e-01
3.824390e-01
3.232199e-01
2.825474e-01
2.457549e-01
2.114748e-01
1.757448e-01
1.581294e-01
1.515577e-01
1.207837e-01
1.044554e-01
9.674552e-02
8.793665e-02
6.911504e-02
6.299689e-02
5.951564e-02
5.082292e-02
4.863562e-02
3.931872e-02
3.754639e-02
3.442651e-02
2.766558e-02
