5.275913e+03
9.885830e+01
1.543473e+00
3.255525e-02
7.994461e-04
1.199510e-04
1.083636e-04
1.007595e-04
9.596872e-05
9.339744e-05
9.038770e-05
8.624643e-05
8.350702e-05
8.030523e-05
7.560586e-05
7.020625e-05
6.625865e-05
6.004600e-05
5.685895e-05
5.079679e-05
4.864470e-05
4.751832e-05
4.435292e-05
3.908313e-05
3.621014e-05
3.127825e-05
2.873614e-05
2.610923e-05
2.077877e-05
1.942109e-05
1.505292e-05
1.036576e-05
4.486405e-06
2.785128e-06
1.089095e-06
-1.578170e-06
-5.106986e-06
-9.375226e-06
-1.137979e-05
-1.817282e-05
-1.891750e-05
-2.548407e-05
-2.823093e-05
-2.950024e-05
-3.161394e-05
-3.329388e-05
-3.761112e-05
-4.175504e-05
-5.204414e-05
-5.410362e-05
-5.950944e-05
-6.149118e-05
-6.426303e-05
-6.691020e-05
-7.281956e-05
-7.421500e-05
-7.849527e-05
-8.131579e-05
-8.353707e-05
-8.994259e-05
-9.566199e-05
-1.032826e-04
-1.071571e-04
-1.114434e-04
