2.636102e+03
3.030608e+02
2.416866e+02
1.722804e+02
1.509122e+02
1.397496e+02
1.346143e+02
1.285959e+02
1.191682e+02
1.190366e+02
1.059621e+02
9.633879e+01
8.816060e+01
8.089323e+01
7.590655e+01
7.441133e+01
7.306856e+01
6.768102e+01
6.605160e+01
5.794554e+01
4.737659e+01
4.035013e+01
3.663092e+01
3.121902e+01
2.264128e+01
8.381559e+00
5.831401e+00
5.590070e+00
4.775417e+00
4.355508e+00
3.954255e+00
3.671994e+00
3.254375e+00
2.770219e+00
2.633624e+00
2.327706e+00
2.132184e+00
1.779924e+00
1.558006e+00
1.476515e+00
1.162403e+00
1.073664e+00
8.808577e-01
8.172998e-01
6.321805e-01
5.739523e-01
4.639294e-01
3.678429e-01
3.356670e-01
2.814845e-01
2.595532e-01
2.310911e-01
2.216477e-01
1.949733e-01
1.850726e-01
1.671341e-01
1.264912e-01
1.236150e-01
1.153812e-01
1.046364e-01
9.642744e-02
8.349116e-02
7.882906e-02
7.111479e-02
