5.448666e+03
1.544107e+03
2.803086e+02
5.386121e+01
7.935333e+00
1.896476e+00
2.097368e-01
4.334572e-02
7.019336e-03
1.205005e-03
1.749785e-04
1.114658e-04
1.057406e-04
1.012998e-04
9.293219e-05
8.934786e-05
8.815453e-05
7.828685e-05
7.129736e-05
6.552690e-05
5.879023e-05
5.478552e-05
5.296254e-05
4.946991e-05
4.438129e-05
3.842236e-05
3.450754e-05
3.190198e-05
2.789328e-05
2.489984e-05
2.036378e-05
1.557737e-05
1.162715e-05
9.249859e-06
5.872449e-06
1.908294e-06
-7.626488e-08
-4.636387e-06
-1.100907e-05
-1.208595e-05
-1.588550e-05
-1.797275e-05
-2.250385e-05
-2.636150e-05
-3.095868e-05
-3.224396e-05
-3.435912e-05
-3.899588e-05
-4.080679e-05
-4.402198e-05
-4.727572e-05
-5.455910e-05
-5.641608e-05
-6.322028e-05
-6.894307e-05
-7.087609e-05
-7.506198e-05
-8.489003e-05
-8.800118e-05
-8.952454e-05
-1.001961e-04
-1.050605e-04
-1.092960e-04
-1.141666e-04
