6.759066e+03
6.911642e+02
3.195728e+02
1.941199e+02
1.420464e+02
1.207674e+02
1.068955e+02
8.017193e+01
7.264531e+01
6.772390e+01
5.998700e+01
5.832564e+01
4.005011e+01
3.675079e+01
3.520636e+01
3.124424e+01
2.853563e+01
2.682677e+01
2.523304e+01
2.315251e+01
1.898946e+01
1.749447e+01
1.460911e+01
1.428596e+01
1.354251e+01
1.046422e+01
9.533902e+00
5.975692e+00
2.453966e+00
1.888829e+00
1.710406e+00
1.495600e+00
1.453323e+00
1.126396e+00
1.081421e+00
1.017147e+00
8.396707e-01
8.083071e-01
7.100956e-01
6.114042e-01
5.197077e-01
4.325023e-01
3.627210e-01
3.487065e-01
2.924056e-01
2.603448e-01
2.254888e-01
1.929074e-01
1.634392e-01
1.435152e-01
1.405669e-01
1.093821e-01
9.481136e-02
8.908383e-02
8.066685e-02
6.217115e-02
5.624390e-02
5.337928e-02
4.646727e-02
4.278308e-02
3.608192e-02
3.339200e-02
3.094729e-02
2.415328e-02
