1.228413e+09
1.001200e+09
7.701724e+08
6.960870e+08
6.613385e+08
6.096005e+08
5.765076e+08
5.396256e+08
4.929886e+08
4.657215e+08
4.094794e+08
3.749380e+08
3.538047e+08
3.353669e+08
3.166837e+08
3.095935e+08
2.940146e+08
2.823797e+08
2.700489e+08
2.605598e+08
2.513749e+08
2.473624e+08
2.421141e+08
2.275986e+08
2.154445e+08
2.129612e+08
2.067793e+08
2.023257e+08
1.927997e+08
1.872727e+08
1.777318e+08
1.763652e+08
1.675467e+08
1.624368e+08
1.601525e+08
1.511163e+08
1.472339e+08
1.420308e+08
1.347389e+08
1.317023e+08
1.240829e+08
1.214590e+08
1.172802e+08
1.154558e+08
1.045518e+08
1.027160e+08
9.572959e+07
9.077254e+07
8.955020e+07
8.282517e+07
7.662357e+07
7.147998e+07
6.852099e+07
5.868295e+07
5.091970e+07
3.549933e+07
2.739201e+07
1.833336e+07
1.425421e+07
7.357360e+06
3.640358e+06
2.650315e+06
1.793957e+06
1.294359e+06
