1.580478e+09
1.406345e+09
8.277092e+08
8.048311e+08
7.330128e+08
6.415594e+08
6.282061e+08
5.785836e+08
4.870737e+08
4.730606e+08
3.858171e+08
3.553147e+08
3.365836e+08
3.192553e+08
3.083924e+08
2.945763e+08
2.839316e+08
2.659643e+08
2.585629e+08
2.574541e+08
2.465904e+08
2.407344e+08
2.283225e+08
2.183687e+08
2.145245e+08
2.093319e+08
1.993946e+08
1.928239e+08
1.845517e+08
1.814581e+08
1.739585e+08
1.713568e+08
1.637659e+08
1.568765e+08
1.451883e+08
1.386454e+08
1.313014e+08
1.283916e+08
1.274417e+08
1.264621e+08
1.177293e+08
1.134093e+08
1.109784e+08
1.083282e+08
1.054478e+08
1.018574e+08
9.473410e+07
9.223979e+07
8.744958e+07
8.505515e+07
7.710531e+07
7.496278e+07
6.865041e+07
6.474706e+07
6.244390e+07
5.090980e+07
2.991497e+07
1.495723e+07
8.874040e+06
6.346742e+06
3.475900e+06
1.911588e+06
9.457004e+05
2.411196e+05
