5.473317e+03
1.578562e+03
2.796817e+02
5.506355e+01
7.683576e+00
1.791081e+00
1.913926e-01
4.613818e-02
7.150891e-03
1.019825e-03
1.814936e-04
1.131154e-04
1.081636e-04
1.007633e-04
9.574671e-05
8.927593e-05
8.261659e-05
7.903510e-05
7.418476e-05
6.222416e-05
6.038491e-05
5.983662e-05
5.120261e-05
4.976097e-05
4.838826e-05
4.440916e-05
3.684835e-05
3.443980e-05
3.296176e-05
2.670317e-05
2.549551e-05
2.352607e-05
2.162114e-05
1.684732e-05
1.309019e-05
9.866975e-06
3.150028e-06
-4.252871e-07
-1.268129e-06
-5.000682e-06
-8.373949e-06
-1.328657e-05
-1.797858e-05
-2.435371e-05
-2.646454e-05
-2.884595e-05
-3.166815e-05
-3.726165e-05
-4.191205e-05
-4.322551e-05
-4.776561e-05
-5.380746e-05
-5.582336e-05
-6.298163e-05
-6.669072e-05
-6.857871e-05
-7.466546e-05
-8.415989e-05
-8.849382e-05
-9.045766e-05
-9.409586e-05
-9.905387e-05
-1.039137e-04
-1.131173e-04
