5.442979e+03
1.538947e+03
2.804647e+02
5.376892e+01
7.937312e+00
1.925115e+00
2.136530e-01
4.361777e-02
6.847589e-03
1.200265e-03
2.028856e-04
1.151147e-04
1.121933e-04
1.008886e-04
9.793360e-05
9.512495e-05
9.346522e-05
8.188462e-05
7.358313e-05
7.050684e-05
6.079980e-05
5.650589e-05
5.502666e-05
5.490537e-05
5.061696e-05
4.722948e-05
4.270050e-05
3.694819e-05
3.542560e-05
3.394798e-05
3.035518e-05
2.022878e-05
1.723618e-05
1.409258e-05
1.119178e-05
5.828031e-06
-5.972501e-07
-2.004038e-06
-4.597881e-06
-8.133391e-06
-9.913751e-06
-1.326371e-05
-1.822894e-05
-2.383589e-05
-2.604868e-05
-3.102081e-05
-3.442230e-05
-3.857344e-05
-4.196788e-05
-4.309265e-05
-4.913025e-05
-5.651055e-05
-6.096435e-05
-6.340638e-05
-6.847103e-05
-7.174959e-05
-7.462536e-05
-8.137371e-05
-8.764884e-05
-9.372217e-05
-9.712811e-05
-1.040747e-04
-1.108358e-04
-1.186242e-04
