2.724276e+03
2.991580e+02
2.353999e+02
1.654432e+02
1.403410e+02
1.264980e+02
1.232575e+02
1.144270e+02
1.099053e+02
1.073800e+02
9.563169e+01
8.632246e+01
8.043388e+01
7.266619e+01
6.884283e+01
6.779987e+01
6.591776e+01
6.149782e+01
5.938748e+01
5.198914e+01
4.216347e+01
3.637532e+01
3.326124e+01
2.783445e+01
2.030811e+01
7.455047e+00
5.076711e+00
4.920701e+00
4.107901e+00
3.766071e+00
3.355770e+00
3.145743e+00
2.767359e+00
2.356794e+00
2.233211e+00
1.977149e+00
1.800407e+00
1.494574e+00
1.308460e+00
1.244731e+00
9.743530e-01
8.994901e-01
7.332925e-01
6.787769e-01
5.193359e-01
4.720137e-01
3.809873e-01
2.964850e-01
2.648934e-01
2.228318e-01
2.061109e-01
1.780686e-01
1.731560e-01
1.505791e-01
1.418646e-01
1.317666e-01
1.004793e-01
9.472461e-02
8.910683e-02
7.776966e-02
7.545038e-02
6.294857e-02
5.955861e-02
5.464956e-02
