6.536226e+03
7.204430e+02
3.401631e+02
2.014164e+02
1.515054e+02
1.308772e+02
1.188465e+02
9.120620e+01
8.148066e+01
7.666351e+01
6.898224e+01
6.477498e+01
4.745908e+01
4.440091e+01
4.147075e+01
3.748037e+01
3.485847e+01
3.179483e+01
2.932880e+01
2.753928e+01
2.248220e+01
2.031529e+01
1.741659e+01
1.725760e+01
1.628058e+01
1.268538e+01
1.146524e+01
7.076827e+00
2.936729e+00
2.412174e+00
2.157966e+00
1.898885e+00
1.787715e+00
1.405668e+00
1.336584e+00
1.276257e+00
1.051844e+00
1.040885e+00
9.135075e-01
7.657613e-01
6.758332e-01
5.419016e-01
4.842262e-01
4.624815e-01
3.923162e-01
3.377055e-01
2.874483e-01
2.587950e-01
2.119949e-01
1.918314e-01
1.813362e-01
1.453395e-01
1.278089e-01
1.162632e-01
1.047973e-01
8.513451e-02
7.917535e-02
7.274835e-02
6.379981e-02
6.122214e-02
4.839102e-02
4.660335e-02
4.342533e-02
3.490289e-02
