3.716713e+05
2.385403e+05
1.737600e+05
8.142280e+04
4.581607e+04
2.005262e+04
5.085274e+03
1.232737e+03
2.564838e+02
7.571223e+01
1.204917e+01
2.548627e+00
5.079204e-01
1.346546e-01
2.905884e-02
1.100687e-02
1.054256e-02
9.760892e-03
8.352197e-03
8.175759e-03
6.630224e-03
6.050115e-03
5.424642e-03
5.149772e-03
4.393887e-03
3.921809e-03
3.778561e-03
3.494809e-03
3.241493e-03
3.005768e-03
2.770764e-03
2.621313e-03
2.111378e-03
1.875982e-03
1.564197e-03
1.358361e-03
1.243401e-03
7.974078e-04
2.933123e-04
1.614504e-04
-2.672794e-05
-2.625473e-04
-4.975749e-04
-8.577819e-04
-9.950463e-04
-1.218972e-03
-1.720502e-03
-1.926829e-03
-2.121749e-03
-3.006556e-03
-3.196042e-03
-3.538723e-03
-3.748868e-03
-4.185428e-03
-5.061474e-03
-5.272023e-03
-5.913822e-03
-6.103833e-03
-6.363520e-03
-6.777063e-03
-7.333381e-03
-7.921968e-03
-8.144874e-03
-8.641152e-03
