2.763781e+03
2.975572e+02
2.362092e+02
1.703185e+02
1.385559e+02
1.249570e+02
1.212714e+02
1.123165e+02
1.088483e+02
1.057920e+02
9.436314e+01
8.482603e+01
7.972600e+01
7.140810e+01
6.830743e+01
6.669752e+01
6.493561e+01
6.070547e+01
5.844949e+01
5.118072e+01
4.154242e+01
3.590665e+01
3.293246e+01
2.739262e+01
1.998604e+01
7.325052e+00
4.968278e+00
4.830542e+00
4.018137e+00
3.686024e+00
3.272691e+00
3.080978e+00
2.699137e+00
2.302701e+00
2.179906e+00
1.934202e+00
1.754954e+00
1.454698e+00
1.275654e+00
1.216125e+00
9.519911e-01
8.763400e-01
7.143759e-01
6.612946e-01
5.039899e-01
4.593436e-01
3.705180e-01
2.869152e-01
2.557915e-01
2.154813e-01
1.984944e-01
1.713135e-01
1.664487e-01
1.450156e-01
1.359253e-01
1.268896e-01
9.721473e-02
9.135313e-02
8.561019e-02
7.461316e-02
7.257482e-02
6.046279e-02
5.702684e-02
5.210472e-02
