3.704613e+05
2.399024e+05
1.720655e+05
8.148572e+04
4.537680e+04
2.018948e+04
4.912841e+03
1.109203e+03
2.243799e+02
6.692446e+01
1.080059e+01
2.493909e+00
5.004513e-01
1.273040e-01
2.775287e-02
1.182130e-02
1.050169e-02
9.414082e-03
8.470915e-03
8.020286e-03
7.552786e-03
6.231390e-03
5.248767e-03
5.060647e-03
4.382306e-03
4.258619e-03
3.684653e-03
3.642210e-03
3.400380e-03
3.097112e-03
2.793056e-03
2.265606e-03
2.138461e-03
1.821233e-03
1.616689e-03
1.323364e-03
1.027118e-03
8.729979e-04
5.853406e-04
-8.213195e-05
-3.247861e-04
-5.173970e-04
-9.926873e-04
-1.131742e-03
-1.237922e-03
-1.682040e-03
-1.831428e-03
-2.334690e-03
-2.564598e-03
-2.791774e-03
-3.112260e-03
-3.373532e-03
-3.946441e-03
-4.313571e-03
-4.693245e-03
-5.021385e-03
-5.481895e-03
-5.729245e-03
-6.309559e-03
-8.099088e-03
-8.387227e-03
-9.427724e-03
-1.060031e-02
-1.116644e-02
