3.713269e+05
2.388052e+05
1.731279e+05
8.151459e+04
4.568873e+04
2.010501e+04
5.071256e+03
1.184309e+03
2.423405e+02
7.206698e+01
1.138115e+01
2.551848e+00
5.144022e-01
1.347180e-01
3.033669e-02
1.111932e-02
1.010424e-02
9.528127e-03
8.236953e-03
6.664176e-03
6.345354e-03
6.068809e-03
5.657456e-03
4.874982e-03
4.388402e-03
4.360243e-03
3.705551e-03
3.613359e-03
3.237450e-03
2.779801e-03
2.648261e-03
2.276870e-03
2.227850e-03
1.470248e-03
1.410580e-03
1.234581e-03
9.529112e-04
6.292825e-04
3.443121e-04
7.778599e-05
-1.516148e-04
-3.240864e-04
-7.567970e-04
-9.764718e-04
-1.282883e-03
-1.704203e-03
-2.172410e-03
-2.254930e-03
-2.565091e-03
-2.932570e-03
-3.125213e-03
-4.139435e-03
-4.253443e-03
-4.541125e-03
-5.160838e-03
-5.365000e-03
-5.811473e-03
-6.239440e-03
-6.877072e-03
-7.449890e-03
-7.720533e-03
-9.647720e-03
-1.019555e-02
-1.222957e-02
