1.611124e+09
1.429833e+09
8.402823e+08
8.164607e+08
7.452220e+08
6.542668e+08
6.394668e+08
5.871759e+08
4.963924e+08
4.815143e+08
3.891968e+08
3.653827e+08
3.461913e+08
3.274447e+08
3.163803e+08
3.026519e+08
2.913522e+08
2.721423e+08
2.656631e+08
2.630033e+08
2.519779e+08
2.477989e+08
2.350082e+08
2.253312e+08
2.205641e+08
2.158944e+08
2.044958e+08
1.987220e+08
1.903945e+08
1.867062e+08
1.796006e+08
1.781157e+08
1.682138e+08
1.618162e+08
1.510780e+08
1.438732e+08
1.371657e+08
1.334685e+08
1.315657e+08
1.308941e+08
1.226002e+08
1.170985e+08
1.144904e+08
1.129287e+08
1.099956e+08
1.050323e+08
9.817144e+07
9.568197e+07
9.068369e+07
8.779978e+07
8.032423e+07
7.798459e+07
7.146571e+07
6.801511e+07
6.527566e+07
5.202332e+07
3.057971e+07
1.534243e+07
8.946777e+06
6.411846e+06
3.549546e+06
1.952596e+06
9.598378e+05
2.446983e+05
