9.832996e+02
2.631199e+02
2.802918e+01
3.162778e+00
1.107026e-01
6.366672e-03
4.068154e-04
2.334364e-05
2.235163e-05
1.863959e-05
1.782519e-05
1.707421e-05
1.575373e-05
1.519340e-05
1.450591e-05
1.398743e-05
1.215190e-05
1.130334e-05
1.110033e-05
1.004543e-05
9.147427e-06
8.910933e-06
7.902945e-06
7.640201e-06
6.599691e-06
5.907314e-06
5.361214e-06
4.594038e-06
3.750987e-06
2.660354e-06
2.430231e-06
1.837488e-06
1.289470e-06
7.010754e-07
5.165012e-08
-7.646699e-07
-1.217658e-06
-1.330914e-06
-1.968233e-06
-2.650395e-06
-3.159640e-06
-3.570738e-06
-3.846357e-06
-5.129057e-06
-5.819610e-06
-6.173299e-06
-6.774186e-06
-7.163546e-06
-8.190977e-06
-8.460175e-06
-9.657286e-06
-1.049413e-05
-1.144030e-05
-1.287621e-05
-1.336974e-05
-1.370565e-05
-1.476118e-05
-1.649953e-05
-1.662793e-05
-1.790496e-05
-1.887795e-05
-1.928165e-05
-2.266847e-05
-2.326478e-05
