3.716132e+05
2.383912e+05
1.741236e+05
8.130352e+04
4.588512e+04
1.999128e+04
5.049790e+03
1.270189e+03
2.675554e+02
7.860487e+01
1.272857e+01
2.550128e+00
5.115702e-01
1.371807e-01
3.024296e-02
1.082844e-02
1.041170e-02
9.394345e-03
8.307906e-03
7.884258e-03
6.881894e-03
6.580864e-03
6.074087e-03
5.648022e-03
5.254529e-03
4.617514e-03
4.294250e-03
3.669588e-03
3.374414e-03
2.977449e-03
2.809910e-03
2.374836e-03
2.032530e-03
1.715953e-03
1.564180e-03
1.392500e-03
6.875637e-04
1.468288e-04
-1.013897e-04
-1.775888e-04
-4.830896e-04
-6.300188e-04
-1.155856e-03
-1.381385e-03
-1.764127e-03
-2.082237e-03
-2.337537e-03
-2.390411e-03
-2.733981e-03
-3.065107e-03
-3.472799e-03
-3.739823e-03
-4.200740e-03
-4.924781e-03
-5.040431e-03
-5.428964e-03
-5.942557e-03
-6.253893e-03
-7.046174e-03
-7.607089e-03
-8.394533e-03
-8.653456e-03
-9.432281e-03
-1.269263e-02
