2.550604e+03
3.144388e+02
2.642066e+02
1.933904e+02
1.702703e+02
1.666036e+02
1.605685e+02
1.516611e+02
1.392139e+02
1.376699e+02
1.253044e+02
1.153483e+02
1.026831e+02
9.626042e+01
8.906660e+01
8.781094e+01
8.524973e+01
7.937706e+01
7.848676e+01
6.973193e+01
5.657259e+01
4.826375e+01
4.355966e+01
3.742368e+01
2.727279e+01
1.023287e+01
7.441145e+00
7.043155e+00
6.239002e+00
5.655645e+00
5.216771e+00
4.859889e+00
4.332594e+00
3.765964e+00
3.523674e+00
3.134598e+00
2.892390e+00
2.407155e+00
2.144483e+00
2.021317e+00
1.624693e+00
1.499318e+00
1.237325e+00
1.138970e+00
9.062922e-01
8.239118e-01
6.795857e-01
5.657427e-01
5.130420e-01
4.383269e-01
3.892417e-01
3.750239e-01
3.436261e-01
3.145273e-01
2.947628e-01
2.532964e-01
2.110003e-01
1.912011e-01
1.848652e-01
1.806842e-01
1.556860e-01
1.368273e-01
1.250527e-01
1.119611e-01
