2.428052e+03
3.268578e+02
2.993203e+02
2.328447e+02
2.157758e+02
2.144129e+02
2.064783e+02
1.866531e+02
1.732297e+02
1.715313e+02
1.592042e+02
1.489514e+02
1.270097e+02
1.243183e+02
1.150488e+02
1.106810e+02
1.053699e+02
1.009303e+02
9.894367e+01
9.198695e+01
7.278505e+01
6.326282e+01
5.619979e+01
4.810111e+01
3.552775e+01
1.382041e+01
1.083983e+01
9.910867e+00
9.208348e+00
8.440918e+00
8.112327e+00
7.641273e+00
6.785643e+00
6.273135e+00
5.295458e+00
4.957018e+00
4.544581e+00
4.006764e+00
3.646694e+00
3.314012e+00
2.686647e+00
2.620077e+00
2.190402e+00
1.933756e+00
1.654879e+00
1.527492e+00
1.276045e+00
1.168496e+00
1.029271e+00
8.972222e-01
7.927507e-01
7.778550e-01
7.045411e-01
6.578667e-01
6.267344e-01
5.161037e-01
4.666477e-01
4.206725e-01
4.060327e-01
3.902350e-01
3.334951e-01
3.058273e-01
2.671092e-01
2.530893e-01
