6.790145e+03
6.912084e+02
3.184715e+02
1.934461e+02
1.411453e+02
1.203500e+02
1.056308e+02
7.986371e+01
7.137527e+01
6.712075e+01
5.961010e+01
5.788732e+01
3.912745e+01
3.629373e+01
3.470449e+01
3.102726e+01
2.792213e+01
2.653158e+01
2.507631e+01
2.200684e+01
1.878789e+01
1.734517e+01
1.446884e+01
1.402362e+01
1.328319e+01
1.033660e+01
9.424159e+00
5.921831e+00
2.397347e+00
1.872899e+00
1.679698e+00
1.471160e+00
1.426354e+00
1.108670e+00
1.054974e+00
9.974841e-01
8.263801e-01
7.991646e-01
7.005740e-01
6.040983e-01
5.120112e-01
4.277419e-01
3.546864e-01
3.425839e-01
2.876414e-01
2.571702e-01
2.214913e-01
1.905861e-01
1.625227e-01
1.411745e-01
1.390214e-01
1.071109e-01
9.311829e-02
8.742033e-02
7.943512e-02
6.104834e-02
5.515413e-02
5.239474e-02
4.643860e-02
4.182919e-02
3.587343e-02
3.271870e-02
3.026521e-02
2.337690e-02
