6.434868e+03
7.569645e+02
3.601131e+02
2.148074e+02
1.693907e+02
1.444195e+02
1.323199e+02
1.051787e+02
9.342567e+01
8.647092e+01
7.879513e+01
7.412831e+01
5.647131e+01
5.323756e+01
5.001569e+01
4.596912e+01
4.135623e+01
3.837855e+01
3.503990e+01
3.291658e+01
2.754637e+01
2.410428e+01
2.143216e+01
2.091837e+01
1.978942e+01
1.606514e+01
1.456313e+01
8.547807e+00
3.773659e+00
3.142591e+00
2.842959e+00
2.515615e+00
2.328357e+00
1.897827e+00
1.762701e+00
1.719003e+00
1.442418e+00
1.392227e+00
1.216516e+00
1.029013e+00
9.357142e-01
7.495275e-01
6.861389e-01
6.614824e-01
5.601788e-01
4.847443e-01
4.001977e-01
3.861586e-01
3.133243e-01
2.840619e-01
2.611427e-01
2.138643e-01
1.926017e-01
1.719817e-01
1.522834e-01
1.299499e-01
1.273066e-01
1.140229e-01
9.863115e-02
9.672634e-02
7.920784e-02
7.069077e-02
6.830153e-02
5.439794e-02
