9.017221e+08
7.271384e+08
5.229858e+08
4.713051e+08
4.324465e+08
4.098034e+08
3.920179e+08
3.453388e+08
3.254849e+08
3.126223e+08
2.622689e+08
2.252457e+08
2.161275e+08
2.110783e+08
1.872237e+08
1.786817e+08
1.723166e+08
1.711868e+08
1.591126e+08
1.553761e+08
1.529915e+08
1.452317e+08
1.403214e+08
1.341126e+08
1.271086e+08
1.197843e+08
1.157184e+08
1.127004e+08
1.101452e+08
1.037834e+08
1.029407e+08
9.611462e+07
9.482389e+07
8.714292e+07
8.447126e+07
8.326328e+07
8.026337e+07
7.646244e+07
7.397982e+07
6.970386e+07
6.742491e+07
6.563780e+07
6.164241e+07
5.868928e+07
5.485771e+07
5.432340e+07
5.141820e+07
4.630004e+07
4.330839e+07
4.054872e+07
4.010136e+07
3.648443e+07
3.386090e+07
3.073518e+07
2.554639e+07
2.180667e+07
1.895494e+07
1.358912e+07
1.019763e+07
5.103938e+06
2.136588e+06
1.464610e+06
9.399221e+05
5.080185e+05
