6.779301e+03
6.910176e+02
3.187990e+02
1.938123e+02
1.414350e+02
1.204688e+02
1.060393e+02
7.990769e+01
7.188484e+01
6.728741e+01
5.966021e+01
5.803659e+01
3.943038e+01
3.645747e+01
3.485178e+01
3.108344e+01
2.810471e+01
2.662932e+01
2.511343e+01
2.249755e+01
1.885851e+01
1.739356e+01
1.450519e+01
1.410540e+01
1.338467e+01
1.037495e+01
9.459034e+00
5.936777e+00
2.416960e+00
1.877141e+00
1.688105e+00
1.478758e+00
1.433964e+00
1.113044e+00
1.063951e+00
1.005740e+00
8.303738e-01
8.020529e-01
7.033491e-01
6.062973e-01
5.140140e-01
4.290583e-01
3.570757e-01
3.446474e-01
2.890406e-01
2.578017e-01
2.228397e-01
1.912405e-01
1.627172e-01
1.418007e-01
1.393783e-01
1.077636e-01
9.364648e-02
8.805572e-02
7.997067e-02
6.139629e-02
5.544982e-02
5.275190e-02
4.642332e-02
4.212243e-02
3.589403e-02
3.285972e-02
3.049367e-02
2.352085e-02
