3.682851e+05
2.438201e+05
1.697190e+05
8.102759e+04
4.492869e+04
2.040448e+04
4.405418e+03
9.568171e+02
1.945680e+02
5.642508e+01
1.006718e+01
2.323606e+00
4.517438e-01
1.130600e-01
2.530806e-02
1.121838e-02
9.788108e-03
9.119814e-03
8.056154e-03
7.244994e-03
6.862313e-03
6.242345e-03
6.132752e-03
5.674700e-03
5.000765e-03
4.398163e-03
4.147342e-03
3.513732e-03
3.160728e-03
2.842868e-03
2.570127e-03
2.417138e-03
1.923100e-03
1.629976e-03
1.490846e-03
1.201236e-03
7.107061e-04
5.955748e-04
2.554448e-04
7.106610e-05
-1.711343e-04
-4.944095e-04
-9.185308e-04
-1.181958e-03
-1.362366e-03
-1.660416e-03
-1.736120e-03
-2.364714e-03
-2.626954e-03
-3.080351e-03
-3.392099e-03
-3.886112e-03
-4.006585e-03
-4.412653e-03
-4.708954e-03
-4.840151e-03
-5.332239e-03
-5.910139e-03
-7.000610e-03
-7.207992e-03
-7.810311e-03
-8.213113e-03
-1.007707e-02
-1.079717e-02
