1.591255e+09
1.414063e+09
8.316959e+08
8.080922e+08
7.369165e+08
6.461907e+08
6.324394e+08
5.810532e+08
4.902283e+08
4.758290e+08
3.847891e+08
3.588809e+08
3.400300e+08
3.223167e+08
3.113273e+08
2.974528e+08
2.867093e+08
2.680725e+08
2.610730e+08
2.592289e+08
2.483502e+08
2.433417e+08
2.304831e+08
2.210517e+08
2.167180e+08
2.117861e+08
2.011333e+08
1.950686e+08
1.865821e+08
1.833185e+08
1.761193e+08
1.738045e+08
1.652394e+08
1.587166e+08
1.473529e+08
1.405228e+08
1.331601e+08
1.301343e+08
1.286957e+08
1.284142e+08
1.194314e+08
1.145477e+08
1.120608e+08
1.101400e+08
1.070991e+08
1.029262e+08
9.577767e+07
9.341055e+07
8.862986e+07
8.607665e+07
7.824486e+07
7.606086e+07
6.965828e+07
6.598483e+07
6.347744e+07
5.110037e+07
3.011617e+07
1.504174e+07
8.864516e+06
6.356105e+06
3.495842e+06
1.930508e+06
9.497746e+05
2.391027e+05
