2.994567e+09
2.563787e+09
1.523651e+09
1.429281e+09
1.364516e+09
1.242048e+09
1.180858e+09
1.127388e+09
1.058213e+09
1.027075e+09
1.013679e+09
9.273030e+08
8.996849e+08
8.544383e+08
8.440787e+08
7.981890e+08
7.684724e+08
7.443366e+08
7.172250e+08
7.043737e+08
6.970719e+08
6.680529e+08
6.551297e+08
6.463054e+08
6.263799e+08
6.113667e+08
6.066134e+08
5.891707e+08
5.717469e+08
5.690986e+08
5.570276e+08
5.461857e+08
5.152930e+08
5.030677e+08
4.916954e+08
4.773756e+08
4.700690e+08
4.552995e+08
4.389849e+08
4.269742e+08
4.230815e+08
4.174528e+08
4.029931e+08
3.941164e+08
3.759876e+08
3.625496e+08
3.571401e+08
3.519276e+08
3.286842e+08
3.187918e+08
3.030385e+08
2.228988e+08
1.927990e+08
1.723532e+08
1.532959e+08
9.697186e+07
5.768206e+07
3.317499e+07
2.133151e+07
1.878505e+07
1.383286e+07
9.698348e+06
7.653153e+06
4.803083e+06
