1.659989e+09
1.470577e+09
8.625932e+08
8.392469e+08
7.682929e+08
6.752122e+08
6.565819e+08
6.039633e+08
5.117599e+08
4.973686e+08
4.015783e+08
3.788127e+08
3.618412e+08
3.407709e+08
3.301078e+08
3.167406e+08
3.051913e+08
2.835468e+08
2.776404e+08
2.728485e+08
2.621173e+08
2.594662e+08
2.470600e+08
2.362822e+08
2.311541e+08
2.264036e+08
2.133539e+08
2.082162e+08
1.999967e+08
1.955512e+08
1.889684e+08
1.879071e+08
1.762534e+08
1.698130e+08
1.600775e+08
1.527085e+08
1.463973e+08
1.419957e+08
1.397024e+08
1.362629e+08
1.306371e+08
1.241771e+08
1.214915e+08
1.191977e+08
1.175421e+08
1.108904e+08
1.044595e+08
1.014426e+08
9.600776e+07
9.251546e+07
8.608164e+07
8.297166e+07
7.585293e+07
7.350405e+07
6.973015e+07
5.415151e+07
3.140322e+07
1.606425e+07
9.172194e+06
6.571587e+06
3.692062e+06
2.009910e+06
9.672108e+05
2.590641e+05
