2.229976e+09
1.917875e+09
1.114039e+09
1.086300e+09
1.009790e+09
9.059175e+08
8.496873e+08
7.971180e+08
6.870365e+08
6.627685e+08
6.187286e+08
5.992633e+08
5.671997e+08
5.256891e+08
5.001289e+08
4.896132e+08
4.635256e+08
4.407487e+08
4.287188e+08
4.163356e+08
4.062190e+08
3.915342e+08
3.824937e+08
3.680342e+08
3.648715e+08
3.512016e+08
3.393148e+08
3.304670e+08
3.228799e+08
3.108641e+08
3.083524e+08
2.981508e+08
2.924432e+08
2.762593e+08
2.660298e+08
2.625992e+08
2.610972e+08
2.520872e+08
2.474136e+08
2.354394e+08
2.301978e+08
2.288401e+08
2.208293e+08
2.172299e+08
2.070458e+08
2.035845e+08
1.855809e+08
1.681535e+08
1.631597e+08
1.556256e+08
1.525001e+08
1.452517e+08
1.271578e+08
1.217672e+08
1.087661e+08
7.019226e+07
4.013268e+07
2.135197e+07
1.198516e+07
8.921841e+06
5.643204e+06
2.862902e+06
1.985297e+06
8.609171e+05
