9.200764e+08
7.414655e+08
5.454901e+08
4.846060e+08
4.503521e+08
4.187761e+08
4.014756e+08
3.693074e+08
3.430566e+08
3.236989e+08
2.676660e+08
2.323256e+08
2.256724e+08
2.167528e+08
1.970571e+08
1.883286e+08
1.789026e+08
1.732884e+08
1.636424e+08
1.611528e+08
1.566629e+08
1.502608e+08
1.453934e+08
1.368710e+08
1.305424e+08
1.258349e+08
1.186540e+08
1.161052e+08
1.133880e+08
1.079478e+08
1.058019e+08
9.938359e+07
9.746390e+07
9.086242e+07
8.694014e+07
8.632515e+07
8.243529e+07
7.889697e+07
7.602650e+07
7.240626e+07
6.960510e+07
6.795192e+07
6.369840e+07
6.111733e+07
5.701156e+07
5.566195e+07
5.326172e+07
4.865902e+07
4.482322e+07
4.211690e+07
4.134047e+07
3.776068e+07
3.523108e+07
3.221166e+07
2.761400e+07
2.315096e+07
1.922348e+07
1.379628e+07
1.037477e+07
5.212924e+06
2.190409e+06
1.493051e+06
9.623988e+05
5.348402e+05
