1.043640e+09
8.425546e+08
6.427456e+08
5.655711e+08
5.375066e+08
4.885935e+08
4.725974e+08
4.444144e+08
4.002264e+08
3.776127e+08
3.193117e+08
2.898443e+08
2.736078e+08
2.519784e+08
2.431267e+08
2.308229e+08
2.186657e+08
2.074212e+08
2.006090e+08
1.968109e+08
1.884923e+08
1.850121e+08
1.779648e+08
1.653756e+08
1.611141e+08
1.564196e+08
1.511222e+08
1.478213e+08
1.407352e+08
1.381545e+08
1.295234e+08
1.257545e+08
1.203641e+08
1.174547e+08
1.093769e+08
1.073001e+08
1.045539e+08
1.006803e+08
9.506249e+07
9.150934e+07
8.745276e+07
8.576382e+07
8.120054e+07
7.853759e+07
7.615866e+07
6.990917e+07
6.865293e+07
6.409324e+07
5.909920e+07
5.506852e+07
5.208198e+07
4.932821e+07
4.596067e+07
4.045834e+07
3.795832e+07
2.809094e+07
2.213960e+07
1.518866e+07
1.169067e+07
5.853770e+06
2.583127e+06
1.779358e+06
1.187967e+06
7.326516e+05
