2.767023e+03
2.971638e+02
2.359473e+02
1.724421e+02
1.384805e+02
1.249418e+02
1.211269e+02
1.123165e+02
1.088040e+02
1.057248e+02
9.426017e+01
8.471752e+01
7.977263e+01
7.129038e+01
6.834638e+01
6.658739e+01
6.490592e+01
6.070585e+01
5.837248e+01
5.117852e+01
4.151263e+01
3.587674e+01
3.294006e+01
2.735447e+01
1.995913e+01
7.311080e+00
4.955394e+00
4.825322e+00
4.009745e+00
3.676982e+00
3.261406e+00
3.078430e+00
2.691816e+00
2.298652e+00
2.174921e+00
1.931434e+00
1.750069e+00
1.449926e+00
1.272630e+00
1.213986e+00
9.501680e-01
8.738929e-01
7.126023e-01
6.595151e-01
5.025795e-01
4.582260e-01
3.698868e-01
2.857388e-01
2.548663e-01
2.148084e-01
1.975180e-01
1.708410e-01
1.655828e-01
1.444672e-01
1.351321e-01
1.263407e-01
9.697526e-02
9.116451e-02
8.516105e-02
7.428408e-02
7.232517e-02
6.030532e-02
5.669589e-02
5.180145e-02
