2.687419e+03
2.998770e+02
2.352481e+02
1.659365e+02
1.438677e+02
1.297877e+02
1.261606e+02
1.187448e+02
1.124957e+02
1.106325e+02
9.839906e+01
8.903088e+01
8.258543e+01
7.494732e+01
7.049501e+01
6.943095e+01
6.803648e+01
6.336950e+01
6.111576e+01
5.350617e+01
4.358270e+01
3.736949e+01
3.407837e+01
2.871549e+01
2.089099e+01
7.677335e+00
5.273025e+00
5.090277e+00
4.284934e+00
3.913119e+00
3.512066e+00
3.276793e+00
2.894288e+00
2.457602e+00
2.332937e+00
2.064173e+00
1.883648e+00
1.567447e+00
1.371411e+00
1.299899e+00
1.020055e+00
9.414519e-01
7.688810e-01
7.129397e-01
5.473862e-01
4.961770e-01
4.007455e-01
3.134356e-01
2.809725e-01
2.367727e-01
2.195947e-01
1.904418e-01
1.850530e-01
1.608422e-01
1.521626e-01
1.405093e-01
1.068612e-01
1.013694e-01
9.543829e-02
8.437918e-02
8.062011e-02
6.771187e-02
6.439261e-02
5.884070e-02
