1.808410e+09
1.590863e+09
9.283648e+08
9.055234e+08
8.338107e+08
7.355939e+08
7.096195e+08
6.550014e+08
5.566645e+08
5.416346e+08
4.531730e+08
4.301903e+08
4.097807e+08
3.832714e+08
3.711063e+08
3.563591e+08
3.414396e+08
3.218467e+08
3.104379e+08
3.044999e+08
2.960455e+08
2.915918e+08
2.843174e+08
2.673672e+08
2.629118e+08
2.580099e+08
2.402548e+08
2.374416e+08
2.307589e+08
2.223488e+08
2.195427e+08
2.144999e+08
2.025408e+08
1.943075e+08
1.856069e+08
1.825399e+08
1.743772e+08
1.713117e+08
1.646282e+08
1.588704e+08
1.528004e+08
1.471100e+08
1.424794e+08
1.417899e+08
1.391194e+08
1.306616e+08
1.271187e+08
1.172831e+08
1.113775e+08
1.083708e+08
1.032809e+08
9.738837e+07
8.936438e+07
8.660716e+07
8.237575e+07
5.866556e+07
3.366229e+07
1.754348e+07
9.877673e+06
7.098120e+06
4.104716e+06
2.192695e+06
1.121670e+06
3.592460e+05
