5.517571e+03
1.650537e+03
2.801678e+02
5.785006e+01
7.376471e+00
1.644499e+00
1.776112e-01
5.264426e-02
7.189894e-03
8.476077e-04
1.650249e-04
1.162451e-04
1.021200e-04
9.867215e-05
9.664049e-05
8.706961e-05
7.717642e-05
7.361038e-05
6.888682e-05
6.634442e-05
5.875489e-05
5.747548e-05
4.550383e-05
4.269737e-05
3.916537e-05
3.656110e-05
3.078156e-05
2.785000e-05
2.429568e-05
1.893081e-05
1.817093e-05
1.757024e-05
1.428163e-05
1.140712e-05
5.149368e-06
7.021202e-07
-1.278873e-06
-1.904836e-06
-6.282823e-06
-9.753784e-06
-1.110119e-05
-1.915036e-05
-2.111237e-05
-2.275131e-05
-2.699468e-05
-3.157985e-05
-3.634140e-05
-3.915687e-05
-4.131720e-05
-4.835850e-05
-5.008894e-05
-5.573584e-05
-5.922507e-05
-6.351318e-05
-6.853788e-05
-6.916807e-05
-7.448094e-05
-8.008122e-05
-8.310333e-05
-9.196576e-05
-1.003029e-04
-1.084903e-04
-1.121774e-04
-1.185210e-04
