5.972011e+03
6.335833e+02
3.217387e+02
2.159941e+02
1.929623e+02
1.652857e+02
1.407883e+02
1.301711e+02
1.178157e+02
1.023104e+02
9.578401e+01
9.297648e+01
7.546695e+01
7.300664e+01
6.555032e+01
6.191860e+01
5.301828e+01
5.233337e+01
4.843611e+01
4.441135e+01
3.778460e+01
3.227961e+01
3.006213e+01
2.829396e+01
2.644923e+01
2.288161e+01
2.156531e+01
1.187707e+01
5.644531e+00
4.654581e+00
4.427164e+00
3.889392e+00
3.588437e+00
3.276367e+00
2.995421e+00
2.665087e+00
2.498106e+00
2.326954e+00
1.932539e+00
1.773685e+00
1.593230e+00
1.337962e+00
1.230546e+00
1.203001e+00
1.069314e+00
9.446515e-01
8.092936e-01
7.403825e-01
6.642539e-01
5.879744e-01
5.366831e-01
4.625664e-01
4.173660e-01
3.872942e-01
3.351142e-01
2.979233e-01
2.882937e-01
2.632205e-01
2.415836e-01
2.342432e-01
2.148323e-01
2.133563e-01
1.544545e-01
1.437265e-01
