5.441677e+03
1.537951e+03
2.805246e+02
5.378599e+01
7.930980e+00
1.933987e+00
2.146201e-01
4.393349e-02
6.789375e-03
1.167749e-03
1.997435e-04
1.309994e-04
1.187413e-04
1.084352e-04
1.020255e-04
9.705548e-05
9.190549e-05
8.320921e-05
8.071667e-05
7.588575e-05
6.835937e-05
6.723996e-05
6.139620e-05
5.595940e-05
5.097630e-05
4.432147e-05
4.058944e-05
3.825242e-05
3.609719e-05
3.438707e-05
2.822302e-05
2.396336e-05
2.178925e-05
1.524283e-05
1.160945e-05
7.557031e-06
6.107454e-06
2.133375e-06
-5.710450e-07
-4.583040e-06
-6.435444e-06
-1.310305e-05
-1.398537e-05
-1.806000e-05
-2.579093e-05
-2.719801e-05
-3.483908e-05
-4.055985e-05
-4.200111e-05
-4.731049e-05
-5.220387e-05
-5.539037e-05
-6.302464e-05
-6.449713e-05
-6.968145e-05
-7.049273e-05
-7.322502e-05
-8.137536e-05
-8.702658e-05
-9.445136e-05
-9.612639e-05
-9.918656e-05
-1.007605e-04
-1.191368e-04
