3.716142e+05
2.384982e+05
1.744339e+05
8.123434e+04
4.594157e+04
1.998599e+04
5.020168e+03
1.301304e+03
2.761553e+02
8.081892e+01
1.332844e+01
2.568029e+00
5.082682e-01
1.340481e-01
3.132546e-02
1.190624e-02
1.005714e-02
9.602258e-03
8.327034e-03
8.047224e-03
7.488276e-03
6.225639e-03
5.641457e-03
5.390258e-03
5.111583e-03
4.912599e-03
4.455128e-03
4.049756e-03
3.844247e-03
3.272590e-03
2.987374e-03
2.480934e-03
2.454549e-03
1.874037e-03
1.781393e-03
1.448724e-03
1.406313e-03
9.600834e-04
2.785820e-04
6.619130e-05
-2.483416e-04
-6.293116e-04
-7.089303e-04
-1.058826e-03
-1.446851e-03
-1.626218e-03
-1.981032e-03
-2.379068e-03
-2.505148e-03
-2.715860e-03
-2.931817e-03
-3.720114e-03
-4.151186e-03
-4.786404e-03
-5.012298e-03
-5.326569e-03
-5.880082e-03
-6.435156e-03
-7.132754e-03
-7.427592e-03
-8.463740e-03
-9.063041e-03
-9.501408e-03
-1.225210e-02
