1.627823e+09
1.365368e+09
1.105398e+09
1.021369e+09
9.885412e+08
8.769839e+08
8.305137e+08
8.114925e+08
7.861240e+08
7.458229e+08
6.700448e+08
6.373747e+08
6.279386e+08
5.971553e+08
5.755185e+08
5.510118e+08
5.181909e+08
4.980349e+08
4.691654e+08
4.553996e+08
4.358108e+08
4.295599e+08
4.178405e+08
4.096867e+08
3.926695e+08
3.884295e+08
3.806066e+08
3.711414e+08
3.660095e+08
3.554522e+08
3.433142e+08
3.316931e+08
3.266684e+08
3.124485e+08
3.050388e+08
2.956225e+08
2.926089e+08
2.863237e+08
2.743085e+08
2.694843e+08
2.650776e+08
2.435249e+08
2.379201e+08
2.246037e+08
2.071832e+08
1.940089e+08
1.924529e+08
1.729969e+08
1.630773e+08
1.500408e+08
1.441854e+08
1.394413e+08
1.371749e+08
1.221332e+08
7.963197e+07
5.895710e+07
4.666786e+07
3.049630e+07
2.610154e+07
1.433665e+07
1.339350e+07
9.171605e+06
7.580826e+06
5.723076e+06
