3.666987e+05
2.570077e+05
1.676978e+05
8.148421e+04
4.449654e+04
2.085106e+04
3.585141e+03
7.516624e+02
1.752518e+02
4.473429e+01
9.552132e+00
2.345098e+00
4.187375e-01
9.760796e-02
1.617106e-02
1.085804e-02
1.019336e-02
9.461282e-03
8.582839e-03
7.748312e-03
7.207397e-03
6.628280e-03
6.546922e-03
5.939072e-03
5.161418e-03
4.603606e-03
4.365151e-03
3.743854e-03
3.355069e-03
3.220460e-03
2.799699e-03
2.664451e-03
2.288256e-03
2.072633e-03
1.205762e-03
9.263981e-04
7.282844e-04
2.314633e-04
6.674085e-05
-7.594589e-05
-4.491316e-04
-8.312260e-04
-8.584330e-04
-1.375000e-03
-1.491855e-03
-1.631771e-03
-2.077391e-03
-2.665290e-03
-2.911364e-03
-3.347558e-03
-3.565114e-03
-3.836108e-03
-4.115859e-03
-5.057250e-03
-5.309623e-03
-5.500204e-03
-5.993892e-03
-6.161129e-03
-6.565208e-03
-6.795315e-03
-7.292389e-03
-8.661980e-03
-9.896581e-03
-1.236036e-02
