9.076284e+08
7.315368e+08
5.302280e+08
4.753212e+08
4.384465e+08
4.123710e+08
3.946135e+08
3.539781e+08
3.326206e+08
3.161635e+08
2.636046e+08
2.261065e+08
2.196030e+08
2.133158e+08
1.910130e+08
1.818652e+08
1.745921e+08
1.716136e+08
1.604830e+08
1.577628e+08
1.540498e+08
1.465611e+08
1.422444e+08
1.345596e+08
1.280508e+08
1.219555e+08
1.163900e+08
1.137245e+08
1.111113e+08
1.049357e+08
1.041055e+08
9.690789e+07
9.565126e+07
8.823178e+07
8.519858e+07
8.420975e+07
8.090463e+07
7.714745e+07
7.454010e+07
7.055096e+07
6.809105e+07
6.647391e+07
6.219529e+07
5.936372e+07
5.547348e+07
5.477868e+07
5.192602e+07
4.696821e+07
4.370006e+07
4.097562e+07
4.044159e+07
3.688572e+07
3.428203e+07
3.121804e+07
2.630209e+07
2.245054e+07
1.900087e+07
1.364093e+07
1.027793e+07
5.153763e+06
2.151001e+06
1.471622e+06
9.461903e+05
5.168779e+05
