8.989190e+08
7.255174e+08
5.201930e+08
4.695192e+08
4.294262e+08
4.088294e+08
3.910202e+08
3.419295e+08
3.223675e+08
3.110369e+08
2.619308e+08
2.252878e+08
2.148899e+08
2.098294e+08
1.855883e+08
1.774088e+08
1.715845e+08
1.707999e+08
1.586461e+08
1.543609e+08
1.526007e+08
1.447785e+08
1.392820e+08
1.340250e+08
1.267922e+08
1.187518e+08
1.154462e+08
1.124074e+08
1.098474e+08
1.032911e+08
1.023428e+08
9.588473e+07
9.447825e+07
8.672298e+07
8.408493e+07
8.281858e+07
7.991835e+07
7.611201e+07
7.355458e+07
6.928026e+07
6.710295e+07
6.517862e+07
6.145589e+07
5.828740e+07
5.454838e+07
5.405982e+07
5.114902e+07
4.601384e+07
4.312725e+07
4.036331e+07
3.994348e+07
3.626305e+07
3.363832e+07
3.054946e+07
2.534512e+07
2.145827e+07
1.892800e+07
1.356613e+07
1.009679e+07
5.071837e+06
2.127554e+06
1.460307e+06
9.377371e+05
5.014788e+05
