5.445141e+03
1.540516e+03
2.804676e+02
5.379281e+01
7.943938e+00
1.914006e+00
2.123781e-01
4.341566e-02
6.960812e-03
1.206830e-03
1.930418e-04
1.160550e-04
1.048932e-04
1.024296e-04
9.060579e-05
8.521303e-05
8.333706e-05
7.586679e-05
7.243351e-05
6.851451e-05
6.607261e-05
6.103278e-05
5.733006e-05
4.903993e-05
4.473029e-05
4.006622e-05
3.844158e-05
3.427458e-05
2.826622e-05
2.631573e-05
2.174807e-05
1.841361e-05
1.273701e-05
1.045571e-05
8.297516e-06
5.041710e-06
8.757874e-07
-3.351879e-06
-6.729462e-06
-8.304167e-06
-1.280881e-05
-1.661659e-05
-1.972802e-05
-2.225430e-05
-2.738777e-05
-3.082814e-05
-3.179262e-05
-3.779690e-05
-4.077238e-05
-4.238136e-05
-4.362170e-05
-5.394387e-05
-5.859031e-05
-6.109648e-05
-6.496332e-05
-7.073132e-05
-7.342797e-05
-7.874008e-05
-8.073964e-05
-8.563919e-05
-9.220537e-05
-9.289889e-05
-1.106062e-04
-1.115598e-04
