2.751326e+03
2.986099e+02
2.361488e+02
1.678575e+02
1.389984e+02
1.253454e+02
1.218126e+02
1.126555e+02
1.090934e+02
1.062010e+02
9.466643e+01
8.521223e+01
7.985891e+01
7.175634e+01
6.829644e+01
6.701984e+01
6.516279e+01
6.085653e+01
5.870224e+01
5.134050e+01
4.168362e+01
3.603225e+01
3.299873e+01
2.751442e+01
2.008197e+01
7.366902e+00
5.000963e+00
4.855846e+00
4.042778e+00
3.709059e+00
3.297801e+00
3.098292e+00
2.719601e+00
2.316833e+00
2.195518e+00
1.946101e+00
1.768142e+00
1.466550e+00
1.285182e+00
1.223898e+00
9.579960e-01
8.830836e-01
7.197241e-01
6.660736e-01
5.084595e-01
4.627457e-01
3.732927e-01
2.897631e-01
2.582204e-01
2.175907e-01
2.007263e-01
1.731388e-01
1.685324e-01
1.465525e-01
1.376736e-01
1.282354e-01
9.818697e-02
9.222560e-02
8.661014e-02
7.553165e-02
7.340651e-02
6.113315e-02
5.775317e-02
5.290648e-02
