1.583275e+09
1.408186e+09
8.286223e+08
8.052694e+08
7.338456e+08
6.427698e+08
6.294611e+08
5.790314e+08
4.877682e+08
4.736845e+08
3.844848e+08
3.562212e+08
3.373966e+08
3.201551e+08
3.092279e+08
2.953006e+08
2.847096e+08
2.664616e+08
2.591951e+08
2.578628e+08
2.469856e+08
2.414746e+08
2.288960e+08
2.192182e+08
2.151313e+08
2.101162e+08
1.998197e+08
1.934911e+08
1.850824e+08
1.819518e+08
1.745930e+08
1.720586e+08
1.640809e+08
1.573772e+08
1.457979e+08
1.391070e+08
1.316686e+08
1.288751e+08
1.277316e+08
1.268869e+08
1.181648e+08
1.136468e+08
1.112076e+08
1.088896e+08
1.059003e+08
1.021313e+08
9.486305e+07
9.243390e+07
8.775154e+07
8.531613e+07
7.741666e+07
7.524461e+07
6.891918e+07
6.512337e+07
6.270881e+07
5.091616e+07
2.996037e+07
1.497278e+07
8.866309e+06
6.345899e+06
3.479016e+06
1.918486e+06
9.472372e+05
2.394117e+05
