# x  u_exact  u_pred  abs_error
0.000000e+00 0.000000e+00 8.064508e-05 8.064508e-05
1.001001e-03 6.918377e-03 6.998837e-03 8.046035e-05
2.002002e-03 1.383648e-02 1.391667e-02 8.019165e-05
3.003003e-03 2.075404e-02 2.083391e-02 7.987425e-05
4.004004e-03 2.767077e-02 2.775049e-02 7.972217e-05
5.005005e-03 3.458641e-02 3.466517e-02 7.875732e-05
6.006006e-03 4.150068e-02 4.157937e-02 7.868378e-05
7.007007e-03 4.841331e-02 4.849106e-02 7.774851e-05
8.008008e-03 5.532403e-02 5.540210e-02 7.807269e-05
9.009009e-03 6.223255e-02 6.231016e-02 7.760510e-05
1.001001e-02 6.913862e-02 6.921548e-02 7.685746e-05
1.101101e-02 7.604195e-02 7.611841e-02 7.646058e-05
1.201201e-02 8.294227e-02 8.301872e-02 7.644911e-05
1.301301e-02 8.983931e-02 8.991539e-02 7.608273e-05
1.401401e-02 9.673280e-02 9.680802e-02 7.521705e-05
1.501502e-02 1.036225e-01 1.036972e-01 7.478039e-05
1.601602e-02 1.105080e-01 1.105821e-01 7.403202e-05
1.701702e-02 1.173892e-01 1.174631e-01 7.384036e-05
1.801802e-02 1.242658e-01 1.243391e-01 7.334513e-05
1.901902e-02 1.311374e-01 1.312109e-01 7.347398e-05
2.002002e-02 1.380038e-01 1.380765e-01 7.271061e-05
2.102102e-02 1.448648e-01 1.449367e-01 7.186307e-05
2.202202e-02 1.517201e-01 1.517918e-01 7.173922e-05
2.302302e-02 1.585693e-01 1.586407e-01 7.135852e-05
2.402402e-02 1.654123e-01 1.654831e-01 7.075350e-05
2.502503e-02 1.722487e-01 1.723195e-01 7.073129e-05
2.602603e-02 1.790784e-01 1.791485e-01 7.016162e-05
2.702703e-02 1.859009e-01 1.859705e-01 6.958286e-05
2.802803e-02 1.927161e-01 1.927856e-01 6.947351e-05
2.902903e-02 1.995236e-01 1.995923e-01 6.867265e-05
3.003003e-02 2.063233e-01 2.063923e-01 6.896949e-05
3.103103e-02 2.131148e-01 2.131833e-01 6.845745e-05
3.203203e-02 2.198979e-01 2.199657e-01 6.779259e-05
3.303303e-02 2.266723e-01 2.267401e-01 6.783929e-05
3.403403e-02 2.334377e-01 2.335048e-01 6.707739e-05
3.503504e-02 2.401939e-01 2.402609e-01 6.699640e-05
3.603604e-02 2.469405e-01 2.470073e-01 6.676089e-05
3.703704e-02 2.536775e-01 2.537441e-01 6.666755e-05
3.803804e-02 2.604043e-01 2.604704e-01 6.611860e-05
3.903904e-02 2.671209e-01 2.671863e-01 6.538015e-05
4.004004e-02 2.738269e-01 2.738924e-01 6.549274e-05
4.104104e-02 2.805221e-01 2.805867e-01 6.466527e-05
4.204204e-02 2.872062e-01 2.872703e-01 6.414609e-05
4.304304e-02 2.938789e-01 2.939431e-01 6.419958e-05
4.404404e-02 3.005400e-01 3.006041e-01 6.413603e-05
4.504505e-02 3.071892e-01 3.072534e-01 6.424873e-05
4.604605e-02 3.138262e-01 3.138900e-01 6.381724e-05
4.704705e-02 3.204509e-01 3.205141e-01 6.325311e-05
4.804805e-02 3.270628e-01 3.271261e-01 6.332503e-05
4.904905e-02 3.336618e-01 3.337240e-01 6.211898e-05
5.005005e-02 3.402477e-01 3.403102e-01 6.248882e-05
5.105105e-02 3.468200e-01 3.468822e-01 6.216185e-05
5.205205e-02 3.533787e-01 3.534403e-01 6.160668e-05
5.305305e-02 3.599233e-01 3.599853e-01 6.194701e-05
5.405405e-02 3.664538e-01 3.665153e-01 6.150460e-05
5.505506e-02 3.729697e-01 3.730304e-01 6.068677e-05
5.605606e-02 3.794709e-01 3.795314e-01 6.055594e-05
5.705706e-02 3.859571e-01 3.860172e-01 6.014739e-05
5.805806e-02 3.924280e-01 3.924881e-01 6.016473e-05
5.905906e-02 3.988833e-01 3.989427e-01 5.937381e-05
6.006006e-02 4.053229e-01 4.053826e-01 5.969892e-05
6.106106e-02 4.117465e-01 4.118053e-01 5.880199e-05
6.206206e-02 4.181538e-01 4.182125e-01 5.875506e-05
6.306306e-02 4.245445e-01 4.246027e-01 5.823207e-05
6.406406e-02 4.309185e-01 4.309764e-01 5.793285e-05
6.506507e-02 4.372754e-01 4.373333e-01 5.799032e-05
6.606607e-02 4.436150e-01 4.436716e-01 5.668900e-05
6.706707e-02 4.499370e-01 4.499933e-01 5.627642e-05
6.806807e-02 4.562413e-01 4.562971e-01 5.587018e-05
6.906907e-02 4.625275e-01 4.625831e-01 5.560044e-05
7.007007e-02 4.687954e-01 4.688501e-01 5.476219e-05
7.107107e-02 4.750447e-01 4.750995e-01 5.476568e-05
7.207207e-02 4.812753e-01 4.813296e-01 5.424878e-05
7.307307e-02 4.874868e-01 4.875405e-01 5.369637e-05
7.407407e-02 4.936791e-01 4.937326e-01 5.347338e-05
7.507508e-02 4.998518e-01 4.999046e-01 5.281148e-05
7.607608e-02 5.060048e-01 5.060571e-01 5.237207e-05
7.707708e-02 5.121377e-01 5.121897e-01 5.198133e-05
7.807808e-02 5.182504e-01 5.183018e-01 5.140500e-05
7.907908e-02 5.243426e-01 5.243939e-01 5.130213e-05
8.008008e-02 5.304140e-01 5.304636e-01 4.964874e-05
8.108108e-02 5.364644e-01 5.365138e-01 4.936719e-05
8.208208e-02 5.424937e-01 5.425424e-01 4.872989e-05
8.308308e-02 5.485014e-01 5.485494e-01 4.797532e-05
8.408408e-02 5.544875e-01 5.545350e-01 4.751995e-05
8.508509e-02 5.604517e-01 5.604984e-01 4.676611e-05
8.608609e-02 5.663936e-01 5.664398e-01 4.618815e-05
8.708709e-02 5.723132e-01 5.723587e-01 4.554428e-05
8.808809e-02 5.782101e-01 5.782553e-01 4.518786e-05
8.908909e-02 5.840842e-01 5.841283e-01 4.410047e-05
9.009009e-02 5.899351e-01 5.899789e-01 4.376617e-05
9.109109e-02 5.957627e-01 5.958058e-01 4.304550e-05
9.209209e-02 6.015668e-01 6.016091e-01 4.234779e-05
9.309309e-02 6.073470e-01 6.073886e-01 4.154502e-05
9.409409e-02 6.131032e-01 6.131440e-01 4.080622e-05
9.509510e-02 6.188352e-01 6.188750e-01 3.982266e-05
9.609610e-02 6.245427e-01 6.245821e-01 3.935753e-05
9.709710e-02 6.302255e-01 6.302642e-01 3.874252e-05
9.809810e-02 6.358833e-01 6.359209e-01 3.754677e-05
9.909910e-02 6.415160e-01 6.415527e-01 3.664976e-05
1.001001e-01 6.471234e-01 6.471593e-01 3.591667e-05
1.011011e-01 6.527051e-01 6.527407e-01 3.562891e-05
1.021021e-01 6.582610e-01 6.582955e-01 3.451717e-05
1.031031e-01 6.637909e-01 6.638246e-01 3.369529e-05
1.041041e-01 6.692945e-01 6.693270e-01 3.248795e-05
1.051051e-01 6.747716e-01 6.748037e-01 3.212613e-05
1.061061e-01 6.802221e-01 6.802530e-01 3.097876e-05
1.071071e-01 6.856456e-01 6.856763e-01 3.075156e-05
1.081081e-01 6.910420e-01 6.910717e-01 2.975171e-05
1.091091e-01 6.964111e-01 6.964402e-01 2.908676e-05
1.101101e-01 7.017526e-01 7.017801e-01 2.753857e-05
1.111111e-01 7.070664e-01 7.070932e-01 2.686818e-05
1.121121e-01 7.123522e-01 7.123786e-01 2.639170e-05
1.131131e-01 7.176098e-01 7.176352e-01 2.542415e-05
1.141141e-01 7.228390e-01 7.228634e-01 2.441195e-05
1.151151e-01 7.280397e-01 7.280633e-01 2.368114e-05
1.161161e-01 7.332115e-01 7.332343e-01 2.284141e-05
1.171171e-01 7.383543e-01 7.383762e-01 2.185892e-05
1.181181e-01 7.434680e-01 7.434888e-01 2.081791e-05
1.191191e-01 7.485522e-01 7.485718e-01 1.956301e-05
1.201201e-01 7.536068e-01 7.536259e-01 1.912982e-05
1.211211e-01 7.586316e-01 7.586501e-01 1.846659e-05
1.221221e-01 7.636264e-01 7.636437e-01 1.735485e-05
1.231231e-01 7.685910e-01 7.686071e-01 1.611140e-05
1.241241e-01 7.735251e-01 7.735410e-01 1.582667e-05
1.251251e-01 7.784287e-01 7.784437e-01 1.496734e-05
1.261261e-01 7.833015e-01 7.833152e-01 1.372736e-05
1.271271e-01 7.881433e-01 7.881564e-01 1.307436e-05
1.281281e-01 7.929539e-01 7.929657e-01 1.170974e-05
1.291291e-01 7.977332e-01 7.977442e-01 1.101590e-05
1.301301e-01 8.024809e-01 8.024911e-01 1.022821e-05
1.311311e-01 8.071969e-01 8.072061e-01 9.236461e-06
1.321321e-01 8.118809e-01 8.118895e-01 8.584828e-06
1.331331e-01 8.165328e-01 8.165407e-01 7.862554e-06
1.341341e-01 8.211524e-01 8.211584e-01 6.001958e-06
1.351351e-01 8.257395e-01 8.257451e-01 5.569965e-06
1.361361e-01 8.302940e-01 8.302979e-01 3.887008e-06
1.371371e-01 8.348156e-01 8.348195e-01 3.875063e-06
1.381381e-01 8.393042e-01 8.393068e-01 2.613551e-06
1.391391e-01 8.437596e-01 8.437614e-01 1.829751e-06
1.401401e-01 8.481816e-01 8.481825e-01 8.654401e-07
1.411411e-01 8.525701e-01 8.525702e-01 7.435701e-08
1.421421e-01 8.569248e-01 8.569242e-01 6.679257e-07
1.431431e-01 8.612457e-01 8.612439e-01 1.785192e-06
1.441441e-01 8.655325e-01 8.655295e-01 2.927708e-06
1.451451e-01 8.697850e-01 8.697813e-01 3.687480e-06
1.461461e-01 8.740031e-01 8.739989e-01 4.253917e-06
1.471471e-01 8.781867e-01 8.781813e-01 5.354232e-06
1.481481e-01 8.823355e-01 8.823290e-01 6.524909e-06
1.491491e-01 8.864494e-01 8.864422e-01 7.244205e-06
1.501502e-01 8.905283e-01 8.905208e-01 7.528199e-06
1.511512e-01 8.945719e-01 8.945632e-01 8.705657e-06
1.521522e-01 8.985801e-01 8.985704e-01 9.722554e-06
1.531532e-01 9.025528e-01 9.025421e-01 1.071836e-05
1.541542e-01 9.064898e-01 9.064784e-01 1.141671e-05
1.551552e-01 9.103910e-01 9.103789e-01 1.207911e-05
1.561562e-01 9.142561e-01 9.142429e-01 1.320689e-05
1.571572e-01 9.180850e-01 9.180707e-01 1.428953e-05
1.581582e-01 9.218777e-01 9.218633e-01 1.434109e-05
1.591592e-01 9.256338e-01 9.256178e-01 1.601297e-05
1.601602e-01 9.293534e-01 9.293367e-01 1.671279e-05
1.611612e-01 9.330362e-01 9.330194e-01 1.677026e-05
1.621622e-01 9.366821e-01 9.366637e-01 1.830467e-05
1.631632e-01 9.402909e-01 9.402724e-01 1.848960e-05
1.641642e-01 9.438625e-01 9.438428e-01 1.974527e-05
1.651652e-01 9.473968e-01 9.473764e-01 2.038070e-05
1.661662e-01 9.508936e-01 9.508726e-01 2.103093e-05
1.671672e-01 9.543528e-01 9.543308e-01 2.203447e-05
1.681682e-01 9.577743e-01 9.577517e-01 2.259884e-05
1.691692e-01 9.611579e-01 9.611343e-01 2.354237e-05
1.701702e-01 9.645034e-01 9.644791e-01 2.425437e-05
1.711712e-01 9.678108e-01 9.677853e-01 2.549657e-05
1.721722e-01 9.710799e-01 9.710534e-01 2.654210e-05
1.731732e-01 9.743106e-01 9.742838e-01 2.678481e-05
1.741742e-01 9.775028e-01 9.774746e-01 2.812344e-05
1.751752e-01 9.806562e-01 9.806274e-01 2.888201e-05
1.761762e-01 9.837709e-01 9.837419e-01 2.905498e-05
1.771772e-01 9.868467e-01 9.868162e-01 3.054571e-05
1.781782e-01 9.898835e-01 9.898522e-01 3.120595e-05
1.791792e-01 9.928810e-01 9.928495e-01 3.151165e-05
1.801802e-01 9.958393e-01 9.958067e-01 3.265551e-05
1.811812e-01 9.987583e-01 9.987249e-01 3.332843e-05
1.821822e-01 1.001638e+00 1.001604e+00 3.407059e-05
1.831832e-01 1.004477e+00 1.004442e+00 3.500651e-05
1.841842e-01 1.007278e+00 1.007242e+00 3.566622e-05
1.851852e-01 1.010038e+00 1.010001e+00 3.629659e-05
1.861862e-01 1.012758e+00 1.012720e+00 3.762291e-05
1.871872e-01 1.015438e+00 1.015400e+00 3.810704e-05
1.881882e-01 1.018078e+00 1.018039e+00 3.895428e-05
1.891892e-01 1.020678e+00 1.020638e+00 3.946414e-05
1.901902e-01 1.023237e+00 1.023197e+00 4.012984e-05
1.911912e-01 1.025756e+00 1.025714e+00 4.180380e-05
1.921922e-01 1.028235e+00 1.028193e+00 4.200219e-05
1.931932e-01 1.030672e+00 1.030629e+00 4.324959e-05
1.941942e-01 1.033069e+00 1.033026e+00 4.330380e-05
1.951952e-01 1.035425e+00 1.035381e+00 4.445420e-05
1.961962e-01 1.037740e+00 1.037695e+00 4.517707e-05
1.971972e-01 1.040014e+00 1.039968e+00 4.585767e-05
1.981982e-01 1.042247e+00 1.042200e+00 4.676368e-05
1.991992e-01 1.044439e+00 1.044391e+00 4.732994e-05
2.002002e-01 1.046589e+00 1.046541e+00 4.818500e-05
2.012012e-01 1.048698e+00 1.048648e+00 4.936301e-05
2.022022e-01 1.050765e+00 1.050715e+00 4.982689e-05
2.032032e-01 1.052791e+00 1.052741e+00 5.056772e-05
2.042042e-01 1.054775e+00 1.054724e+00 5.162457e-05
2.052052e-01 1.056718e+00 1.056666e+00 5.232292e-05
2.062062e-01 1.058619e+00 1.058565e+00 5.318197e-05
2.072072e-01 1.060477e+00 1.060423e+00 5.400732e-05
2.082082e-01 1.062294e+00 1.062240e+00 5.460624e-05
2.092092e-01 1.064069e+00 1.064013e+00 5.586052e-05
2.102102e-01 1.065802e+00 1.065745e+00 5.674628e-05
2.112112e-01 1.067492e+00 1.067435e+00 5.767182e-05
2.122122e-01 1.069141e+00 1.069083e+00 5.821264e-05
2.132132e-01 1.070747e+00 1.070688e+00 5.913799e-05
2.142142e-01 1.072311e+00 1.072251e+00 5.990750e-05
2.152152e-01 1.073832e+00 1.073771e+00 6.069774e-05
2.162162e-01 1.075311e+00 1.075250e+00 6.085249e-05
2.172172e-01 1.076747e+00 1.076685e+00 6.222058e-05
2.182182e-01 1.078141e+00 1.078078e+00 6.307628e-05
2.192192e-01 1.079492e+00 1.079428e+00 6.336446e-05
2.202202e-01 1.080800e+00 1.080735e+00 6.493901e-05
2.212212e-01 1.082066e+00 1.082000e+00 6.572163e-05
2.222222e-01 1.083289e+00 1.083222e+00 6.637751e-05
2.232232e-01 1.084468e+00 1.084401e+00 6.733512e-05
2.242242e-01 1.085606e+00 1.085537e+00 6.807093e-05
2.252252e-01 1.086700e+00 1.086631e+00 6.901682e-05
2.262262e-01 1.087751e+00 1.087681e+00 7.001030e-05
2.272272e-01 1.088759e+00 1.088688e+00 7.100978e-05
2.282282e-01 1.089724e+00 1.089652e+00 7.197538e-05
2.292292e-01 1.090646e+00 1.090573e+00 7.263052e-05
2.302302e-01 1.091524e+00 1.091451e+00 7.365399e-05
2.312312e-01 1.092360e+00 1.092286e+00 7.453418e-05
2.322322e-01 1.093152e+00 1.093077e+00 7.511883e-05
2.332332e-01 1.093902e+00 1.093825e+00 7.621106e-05
2.342342e-01 1.094607e+00 1.094530e+00 7.742361e-05
2.352352e-01 1.095270e+00 1.095192e+00 7.813252e-05
2.362362e-01 1.095889e+00 1.095810e+00 7.926524e-05
2.372372e-01 1.096465e+00 1.096385e+00 8.020125e-05
2.382382e-01 1.096998e+00 1.096916e+00 8.115616e-05
2.392392e-01 1.097487e+00 1.097405e+00 8.175130e-05
2.402402e-01 1.097932e+00 1.097850e+00 8.280177e-05
2.412412e-01 1.098335e+00 1.098251e+00 8.381312e-05
2.422422e-01 1.098694e+00 1.098609e+00 8.453101e-05
2.432432e-01 1.099009e+00 1.098923e+00 8.565650e-05
2.442442e-01 1.099281e+00 1.099194e+00 8.681948e-05
2.452452e-01 1.099509e+00 1.099422e+00 8.717475e-05
2.462462e-01 1.099694e+00 1.099606e+00 8.790535e-05
2.472472e-01 1.099835e+00 1.099746e+00 8.995765e-05
2.482482e-01 1.099933e+00 1.099843e+00 9.070344e-05
2.492492e-01 1.099988e+00 1.099896e+00 9.133095e-05
2.502503e-01 1.099999e+00 1.099906e+00 9.243408e-05
2.512513e-01 1.099966e+00 1.099873e+00 9.341634e-05
2.522523e-01 1.099890e+00 1.099796e+00 9.427903e-05
2.532533e-01 1.099770e+00 1.099674e+00 9.574042e-05
2.542543e-01 1.099607e+00 1.099511e+00 9.637472e-05
2.552553e-01 1.099400e+00 1.099303e+00 9.714207e-05
2.562563e-01 1.099150e+00 1.099052e+00 9.805064e-05
2.572573e-01 1.098857e+00 1.098757e+00 9.934874e-05
2.582583e-01 1.098520e+00 1.098419e+00 1.005711e-04
2.592593e-01 1.098139e+00 1.098037e+00 1.014928e-04
2.602603e-01 1.097715e+00 1.097612e+00 1.026055e-04
2.612613e-01 1.097248e+00 1.097144e+00 1.033302e-04
2.622623e-01 1.096737e+00 1.096632e+00 1.045196e-04
2.632633e-01 1.096183e+00 1.096077e+00 1.054787e-04
2.642643e-01 1.095585e+00 1.095479e+00 1.064679e-04
2.652653e-01 1.094944e+00 1.094837e+00 1.075109e-04
2.662663e-01 1.094260e+00 1.094151e+00 1.083945e-04
2.672673e-01 1.093532e+00 1.093423e+00 1.092651e-04
2.682683e-01 1.092762e+00 1.092651e+00 1.105090e-04
2.692693e-01 1.091948e+00 1.091836e+00 1.116799e-04
2.702703e-01 1.091090e+00 1.090978e+00 1.124524e-04
2.712713e-01 1.090190e+00 1.090076e+00 1.138140e-04
2.722723e-01 1.089247e+00 1.089132e+00 1.146083e-04
2.732733e-01 1.088260e+00 1.088145e+00 1.155878e-04
2.742743e-01 1.087231e+00 1.087114e+00 1.166724e-04
2.752753e-01 1.086158e+00 1.086040e+00 1.179028e-04
2.762763e-01 1.085042e+00 1.084924e+00 1.188446e-04
2.772773e-01 1.083884e+00 1.083764e+00 1.195419e-04
2.782783e-01 1.082682e+00 1.082562e+00 1.203981e-04
2.792793e-01 1.081438e+00 1.081317e+00 1.215801e-04
2.802803e-01 1.080151e+00 1.080028e+00 1.230177e-04
2.812813e-01 1.078822e+00 1.078697e+00 1.241659e-04
2.822823e-01 1.077449e+00 1.077324e+00 1.248389e-04
2.832833e-01 1.076034e+00 1.075908e+00 1.259254e-04
2.842843e-01 1.074577e+00 1.074450e+00 1.266469e-04
2.852853e-01 1.073077e+00 1.072949e+00 1.278955e-04
2.862863e-01 1.071534e+00 1.071405e+00 1.286577e-04
2.872873e-01 1.069949e+00 1.069819e+00 1.298290e-04
2.882883e-01 1.068322e+00 1.068191e+00 1.311144e-04
2.892893e-01 1.066652e+00 1.066521e+00 1.318631e-04
2.902903e-01 1.064941e+00 1.064808e+00 1.328563e-04
2.912913e-01 1.063187e+00 1.063053e+00 1.340426e-04
2.922923e-01 1.061391e+00 1.061257e+00 1.344185e-04
2.932933e-01 1.059553e+00 1.059417e+00 1.359622e-04
2.942943e-01 1.057673e+00 1.057536e+00 1.373161e-04
2.952953e-01 1.055752e+00 1.055614e+00 1.380776e-04
2.962963e-01 1.053788e+00 1.053649e+00 1.390380e-04
2.972973e-01 1.051783e+00 1.051643e+00 1.400366e-04
2.982983e-01 1.049737e+00 1.049596e+00 1.411527e-04
2.992993e-01 1.047649e+00 1.047507e+00 1.415135e-04
3.003003e-01 1.045519e+00 1.045376e+00 1.425130e-04
3.013013e-01 1.043348e+00 1.043204e+00 1.437586e-04
3.023023e-01 1.041136e+00 1.040991e+00 1.448592e-04
3.033033e-01 1.038882e+00 1.038736e+00 1.457833e-04
3.043043e-01 1.036588e+00 1.036441e+00 1.465008e-04
3.053053e-01 1.034252e+00 1.034105e+00 1.471023e-04
3.063063e-01 1.031876e+00 1.031727e+00 1.487532e-04
3.073073e-01 1.029458e+00 1.029309e+00 1.494018e-04
3.083083e-01 1.027000e+00 1.026850e+00 1.503356e-04
3.093093e-01 1.024502e+00 1.024350e+00 1.514137e-04
3.103103e-01 1.021963e+00 1.021810e+00 1.523771e-04
3.113113e-01 1.019383e+00 1.019230e+00 1.529686e-04
3.123123e-01 1.016763e+00 1.016609e+00 1.537672e-04
3.133133e-01 1.014103e+00 1.013948e+00 1.546381e-04
3.143143e-01 1.011403e+00 1.011247e+00 1.555673e-04
3.153153e-01 1.008663e+00 1.008506e+00 1.567807e-04
3.163163e-01 1.005882e+00 1.005724e+00 1.580293e-04
3.173173e-01 1.003063e+00 1.002904e+00 1.583500e-04
3.183183e-01 1.000203e+00 1.000043e+00 1.597618e-04
3.193193e-01 9.973037e-01 9.971434e-01 1.602917e-04
3.203203e-01 9.943651e-01 9.942041e-01 1.610079e-04
3.213213e-01 9.913872e-01 9.912253e-01 1.618479e-04
3.223223e-01 9.883700e-01 9.882070e-01 1.629891e-04
3.233233e-01 9.853137e-01 9.851505e-01 1.632396e-04
3.243243e-01 9.822184e-01 9.820538e-01 1.646276e-04
3.253253e-01 9.790843e-01 9.789191e-01 1.652491e-04
3.263263e-01 9.759115e-01 9.757451e-01 1.664199e-04
3.273273e-01 9.727001e-01 9.725333e-01 1.667161e-04
3.283283e-01 9.694501e-01 9.692824e-01 1.677546e-04
3.293293e-01 9.661619e-01 9.659935e-01 1.683528e-04
3.303303e-01 9.628354e-01 9.626662e-01 1.692368e-04
3.313313e-01 9.594708e-01 9.593006e-01 1.701806e-04
3.323323e-01 9.560683e-01 9.558975e-01 1.707807e-04
3.333333e-01 9.526279e-01 9.524565e-01 1.714699e-04
3.343343e-01 9.491499e-01 9.489776e-01 1.722649e-04
3.353353e-01 9.456343e-01 9.454613e-01 1.730650e-04
3.363363e-01 9.420814e-01 9.419078e-01 1.735920e-04
3.373373e-01 9.384911e-01 9.383166e-01 1.744633e-04
3.383383e-01 9.348637e-01 9.346884e-01 1.752844e-04
3.393393e-01 9.311994e-01 9.310232e-01 1.761393e-04
3.403403e-01 9.274982e-01 9.273217e-01 1.765172e-04
3.413413e-01 9.237603e-01 9.235828e-01 1.775182e-04
3.423423e-01 9.199859e-01 9.198078e-01 1.780982e-04
3.433433e-01 9.161751e-01 9.159964e-01 1.786447e-04
3.443443e-01 9.123280e-01 9.121490e-01 1.790702e-04
3.453453e-01 9.084449e-01 9.082646e-01 1.803017e-04
3.463463e-01 9.045258e-01 9.043452e-01 1.806450e-04
3.473473e-01 9.005709e-01 9.003893e-01 1.816261e-04
3.483483e-01 8.965805e-01 8.963982e-01 1.822093e-04
3.493493e-01 8.925545e-01 8.923717e-01 1.827910e-04
3.503504e-01 8.884932e-01 8.883101e-01 1.831727e-04
3.513514e-01 8.843968e-01 8.842130e-01 1.838727e-04
3.523524e-01 8.802655e-01 8.800812e-01 1.842782e-04
3.533534e-01 8.760992e-01 8.759141e-01 1.851486e-04
3.543544e-01 8.718984e-01 8.717129e-01 1.854568e-04
3.553554e-01 8.676630e-01 8.674766e-01 1.864416e-04
3.563564e-01 8.633933e-01 8.632065e-01 1.868403e-04
3.573574e-01 8.590895e-01 8.589019e-01 1.876561e-04
3.583584e-01 8.547517e-01 8.545634e-01 1.882844e-04
3.593594e-01 8.503801e-01 8.501914e-01 1.887180e-04
3.603604e-01 8.459748e-01 8.457856e-01 1.891894e-04
3.613614e-01 8.415361e-01 8.413465e-01 1.895749e-04
3.623624e-01 8.370641e-01 8.368738e-01 1.902885e-04
3.633634e-01 8.325589e-01 8.323677e-01 1.912686e-04
3.643644e-01 8.280209e-01 8.278295e-01 1.913822e-04
3.653654e-01 8.234500e-01 8.232583e-01 1.917624e-04
3.663664e-01 8.188467e-01 8.186543e-01 1.923517e-04
3.673674e-01 8.142109e-01 8.140180e-01 1.928553e-04
3.683684e-01 8.095429e-01 8.093495e-01 1.933373e-04
3.693694e-01 8.048429e-01 8.046489e-01 1.939825e-04
3.703704e-01 8.001110e-01 7.999165e-01 1.944999e-04
3.713714e-01 7.953475e-01 7.951524e-01 1.951363e-04
3.723724e-01 7.905525e-01 7.903573e-01 1.952457e-04
3.733734e-01 7.857263e-01 7.855303e-01 1.960309e-04
3.743744e-01 7.808690e-01 7.806728e-01 1.961333e-04
3.753754e-01 7.759808e-01 7.757838e-01 1.969370e-04
3.763764e-01 7.710619e-01 7.708645e-01 1.973838e-04
3.773774e-01 7.661125e-01 7.659148e-01 1.976681e-04
3.783784e-01 7.611328e-01 7.609344e-01 1.983434e-04
3.793794e-01 7.561229e-01 7.559240e-01 1.989511e-04
3.803804e-01 7.510832e-01 7.508846e-01 1.986163e-04
3.813814e-01 7.460138e-01 7.458145e-01 1.992672e-04
3.823824e-01 7.409148e-01 7.407153e-01 1.995543e-04
3.833834e-01 7.357866e-01 7.355865e-01 2.000967e-04
3.843844e-01 7.306292e-01 7.304283e-01 2.009184e-04
3.853854e-01 7.254429e-01 7.252418e-01 2.010910e-04
3.863864e-01 7.202280e-01 7.200261e-01 2.018328e-04
3.873874e-01 7.149845e-01 7.147829e-01 2.016217e-04
3.883884e-01 7.097128e-01 7.095108e-01 2.019763e-04
3.893894e-01 7.044130e-01 7.042105e-01 2.024495e-04
3.903904e-01 6.990853e-01 6.988820e-01 2.032511e-04
3.913914e-01 6.937300e-01 6.935264e-01 2.035187e-04
3.923924e-01 6.883472e-01 6.881431e-01 2.041200e-04
3.933934e-01 6.829372e-01 6.827329e-01 2.042546e-04
3.943944e-01 6.775002e-01 6.772954e-01 2.047921e-04
3.953954e-01 6.720364e-01 6.718315e-01 2.048748e-04
3.963964e-01 6.665460e-01 6.663411e-01 2.048379e-04
3.973974e-01 6.610292e-01 6.608239e-01 2.053160e-04
3.983984e-01 6.554863e-01 6.552807e-01 2.055734e-04
3.993994e-01 6.499174e-01 6.497112e-01 2.062469e-04
4.004004e-01 6.443229e-01 6.441160e-01 2.068413e-04
4.014014e-01 6.387028e-01 6.384961e-01 2.067435e-04
4.024024e-01 6.330575e-01 6.328504e-01 2.071295e-04
4.034034e-01 6.273872e-01 6.271796e-01 2.076266e-04
4.044044e-01 6.216920e-01 6.214838e-01 2.082206e-04
4.054054e-01 6.159723e-01 6.157638e-01 2.084813e-04
4.064064e-01 6.102281e-01 6.100191e-01 2.089924e-04
4.074074e-01 6.044599e-01 6.042507e-01 2.092064e-04
4.084084e-01 5.986677e-01 5.984586e-01 2.090534e-04
4.094094e-01 5.928518e-01 5.926424e-01 2.094777e-04
4.104104e-01 5.870125e-01 5.868026e-01 2.099346e-04
4.114114e-01 5.811500e-01 5.809399e-01 2.101187e-04
4.124124e-01 5.752645e-01 5.750539e-01 2.105598e-04
4.134134e-01 5.693562e-01 5.691456e-01 2.105966e-04
4.144144e-01 5.634254e-01 5.632148e-01 2.106418e-04
4.154154e-01 5.574723e-01 5.572612e-01 2.111684e-04
4.164164e-01 5.514972e-01 5.512855e-01 2.116966e-04
4.174174e-01 5.455003e-01 5.452882e-01 2.120454e-04
4.184184e-01 5.394817e-01 5.392699e-01 2.117965e-04
4.194194e-01 5.334419e-01 5.332297e-01 2.121417e-04
4.204204e-01 5.273809e-01 5.271680e-01 2.128430e-04
4.214214e-01 5.212990e-01 5.210859e-01 2.131269e-04
4.224224e-01 5.151966e-01 5.149834e-01 2.132340e-04
4.234234e-01 5.090738e-01 5.088605e-01 2.132864e-04
4.244244e-01 5.029308e-01 5.027171e-01 2.136456e-04
4.254254e-01 4.967679e-01 4.965537e-01 2.141970e-04
4.264264e-01 4.905854e-01 4.903717e-01 2.137240e-04
4.274274e-01 4.843835e-01 4.841686e-01 2.148553e-04
4.284284e-01 4.781624e-01 4.779475e-01 2.148859e-04
4.294294e-01 4.719224e-01 4.717075e-01 2.148964e-04
4.304304e-01 4.656637e-01 4.654480e-01 2.156998e-04
4.314314e-01 4.593866e-01 4.591710e-01 2.156363e-04
4.324324e-01 4.530914e-01 4.528758e-01 2.156099e-04
4.334334e-01 4.467782e-01 4.465624e-01 2.157802e-04
4.344344e-01 4.404473e-01 4.402311e-01 2.161884e-04
4.354354e-01 4.340991e-01 4.338826e-01 2.164589e-04
4.364364e-01 4.277336e-01 4.275165e-01 2.170814e-04
4.374374e-01 4.213512e-01 4.211343e-01 2.169368e-04
4.384384e-01 4.149522e-01 4.147349e-01 2.172907e-04
4.394394e-01 4.085367e-01 4.083191e-01 2.176215e-04
4.404404e-01 4.021051e-01 4.018874e-01 2.177360e-04
4.414414e-01 3.956576e-01 3.954393e-01 2.182758e-04
4.424424e-01 3.891944e-01 3.889768e-01 2.176485e-04
4.434434e-01 3.827159e-01 3.824973e-01 2.185533e-04
4.444444e-01 3.762222e-01 3.760033e-01 2.188923e-04
4.454454e-01 3.697136e-01 3.694945e-01 2.190712e-04
4.464464e-01 3.631904e-01 3.629712e-01 2.191986e-04
4.474474e-01 3.566528e-01 3.564336e-01 2.191748e-04
4.484484e-01 3.501011e-01 3.498815e-01 2.195566e-04
4.494494e-01 3.435355e-01 3.433159e-01 2.196493e-04
4.504505e-01 3.369564e-01 3.367367e-01 2.197425e-04
4.514515e-01 3.303640e-01 3.301439e-01 2.200368e-04
4.524525e-01 3.237584e-01 3.235382e-01 2.201971e-04
4.534535e-01 3.171401e-01 3.169197e-01 2.204547e-04
4.544545e-01 3.105092e-01 3.102884e-01 2.208629e-04
4.554555e-01 3.038661e-01 3.036453e-01 2.207600e-04
4.564565e-01 2.972109e-01 2.969900e-01 2.208560e-04
4.574575e-01 2.905440e-01 2.903226e-01 2.213545e-04
4.584585e-01 2.838655e-01 2.836442e-01 2.213568e-04
4.594595e-01 2.771759e-01 2.769544e-01 2.214849e-04
4.604605e-01 2.704752e-01 2.702535e-01 2.217052e-04
4.614615e-01 2.637639e-01 2.635421e-01 2.218658e-04
4.624625e-01 2.570422e-01 2.568204e-01 2.217253e-04
4.634635e-01 2.503102e-01 2.500879e-01 2.223841e-04
4.644645e-01 2.435684e-01 2.433462e-01 2.222311e-04
4.654655e-01 2.368170e-01 2.365943e-01 2.226951e-04
4.664665e-01 2.300561e-01 2.298334e-01 2.227319e-04
4.674675e-01 2.232862e-01 2.230635e-01 2.227283e-04
4.684685e-01 2.165074e-01 2.162847e-01 2.227731e-04
4.694695e-01 2.097201e-01 2.094970e-01 2.231048e-04
4.704705e-01 2.029245e-01 2.027009e-01 2.236043e-04
4.714715e-01 1.961208e-01 1.958975e-01 2.233783e-04
4.724725e-01 1.893094e-01 1.890859e-01 2.235303e-04
4.734735e-01 1.824905e-01 1.822669e-01 2.236144e-04
4.744745e-01 1.756644e-01 1.754408e-01 2.236323e-04
4.754755e-01 1.688314e-01 1.686078e-01 2.235857e-04
4.764765e-01 1.619916e-01 1.617677e-01 2.239535e-04
4.774775e-01 1.551455e-01 1.549217e-01 2.237546e-04
4.784785e-01 1.482932e-01 1.480695e-01 2.236771e-04
4.794795e-01 1.414350e-01 1.412111e-01 2.239323e-04
4.804805e-01 1.345713e-01 1.343472e-01 2.240764e-04
4.814815e-01 1.277022e-01 1.274781e-01 2.240828e-04
4.824825e-01 1.208281e-01 1.206037e-01 2.244021e-04
4.834835e-01 1.139492e-01 1.137250e-01 2.241736e-04
4.844845e-01 1.070658e-01 1.068417e-01 2.240272e-04
4.854855e-01 1.001781e-01 9.995365e-02 2.244735e-04
4.864865e-01 9.328652e-02 9.306222e-02 2.242949e-04
4.874875e-01 8.639122e-02 8.616692e-02 2.243004e-04
4.884885e-01 7.949250e-02 7.926816e-02 2.243456e-04
4.894895e-01 7.259064e-02 7.236600e-02 2.246438e-04
4.904905e-01 6.568591e-02 6.546128e-02 2.246334e-04
4.914915e-01 5.877858e-02 5.855399e-02 2.245877e-04
4.924925e-01 5.186893e-02 5.164379e-02 2.251375e-04
4.934935e-01 4.495722e-02 4.473299e-02 2.242315e-04
4.944945e-01 3.804373e-02 3.781927e-02 2.244678e-04
4.954955e-01 3.112874e-02 3.090471e-02 2.240336e-04
4.964965e-01 2.421252e-02 2.398819e-02 2.243350e-04
4.974975e-01 1.729534e-02 1.707119e-02 2.241555e-04
4.984985e-01 1.037748e-02 1.015347e-02 2.240070e-04
4.994995e-01 3.459205e-03 3.234804e-03 2.244018e-04
5.005005e-01 -3.459205e-03 -3.683329e-03 2.241232e-04
5.015015e-01 -1.037748e-02 -1.060170e-02 2.242199e-04
5.025025e-01 -1.729534e-02 -1.751924e-02 2.238926e-04
5.035035e-01 -2.421252e-02 -2.443600e-02 2.234747e-04
5.045045e-01 -3.112874e-02 -3.135258e-02 2.238357e-04
5.055055e-01 -3.804373e-02 -3.826702e-02 2.232823e-04
5.065065e-01 -4.495722e-02 -4.518074e-02 2.235186e-04
5.075075e-01 -5.186893e-02 -5.209213e-02 2.232087e-04
5.085085e-01 -5.877858e-02 -5.900168e-02 2.231028e-04
5.095095e-01 -6.568591e-02 -6.590897e-02 2.230571e-04
5.105105e-01 -7.259064e-02 -7.281321e-02 2.225699e-04
5.115115e-01 -7.949250e-02 -7.971472e-02 2.222124e-04
5.125125e-01 -8.639122e-02 -8.661354e-02 2.223172e-04
5.135135e-01 -9.328652e-02 -9.350818e-02 2.216670e-04
5.145145e-01 -1.001781e-01 -1.003996e-01 2.214884e-04
5.155155e-01 -1.070658e-01 -1.072878e-01 2.219943e-04
5.165165e-01 -1.139492e-01 -1.141704e-01 2.212519e-04
5.175175e-01 -1.208281e-01 -1.210490e-01 2.209638e-04
5.185185e-01 -1.277022e-01 -1.279231e-01 2.209255e-04
5.195195e-01 -1.345713e-01 -1.347920e-01 2.206934e-04
5.205205e-01 -1.414350e-01 -1.416557e-01 2.206587e-04
5.215215e-01 -1.482932e-01 -1.485130e-01 2.197815e-04
5.225225e-01 -1.551455e-01 -1.553649e-01 2.194655e-04
5.235235e-01 -1.619916e-01 -1.622111e-01 2.195050e-04
5.245245e-01 -1.688314e-01 -1.690505e-01 2.190980e-04
5.255255e-01 -1.756644e-01 -1.758837e-01 2.192302e-04
5.265265e-01 -1.824905e-01 -1.827092e-01 2.186818e-04
5.275275e-01 -1.893094e-01 -1.895277e-01 2.182594e-04
5.285285e-01 -1.961208e-01 -1.963382e-01 2.173981e-04
5.295295e-01 -2.029245e-01 -2.031414e-01 2.169038e-04
5.305305e-01 -2.097201e-01 -2.099372e-01 2.171053e-04
5.315315e-01 -2.165074e-01 -2.167238e-01 2.163641e-04
5.325325e-01 -2.232862e-01 -2.235026e-01 2.163791e-04
5.335335e-01 -2.300561e-01 -2.302719e-01 2.157496e-04
5.345345e-01 -2.368170e-01 -2.370321e-01 2.151010e-04
5.355355e-01 -2.435684e-01 -2.437832e-01 2.147604e-04
5.365365e-01 -2.503102e-01 -2.505245e-01 2.142199e-04
5.375375e-01 -2.570422e-01 -2.572561e-01 2.139251e-04
5.385385e-01 -2.637639e-01 -2.639772e-01 2.133077e-04
5.395395e-01 -2.704752e-01 -2.706882e-01 2.129914e-04
5.405405e-01 -2.771759e-01 -2.773882e-01 2.122879e-04
5.415415e-01 -2.838655e-01 -2.840774e-01 2.118796e-04
5.425425e-01 -2.905440e-01 -2.907557e-01 2.117329e-04
5.435435e-01 -2.972109e-01 -2.974214e-01 2.105028e-04
5.445445e-01 -3.038661e-01 -3.040763e-01 2.101816e-04
5.455455e-01 -3.105092e-01 -3.107190e-01 2.097211e-04
5.465465e-01 -3.171401e-01 -3.173494e-01 2.093246e-04
5.475475e-01 -3.237584e-01 -3.239674e-01 2.089564e-04
5.485485e-01 -3.303640e-01 -3.305719e-01 2.079841e-04
5.495495e-01 -3.369564e-01 -3.371639e-01 2.074440e-04
5.505506e-01 -3.435355e-01 -3.437428e-01 2.072392e-04
5.515516e-01 -3.501011e-01 -3.503070e-01 2.059610e-04
5.525526e-01 -3.566528e-01 -3.568584e-01 2.056573e-04
5.535536e-01 -3.631904e-01 -3.633954e-01 2.050375e-04
5.545546e-01 -3.697136e-01 -3.699173e-01 2.037641e-04
5.555556e-01 -3.762222e-01 -3.764259e-01 2.037643e-04
5.565566e-01 -3.827159e-01 -3.829185e-01 2.026727e-04
5.575576e-01 -3.891944e-01 -3.893968e-01 2.024153e-04
5.585586e-01 -3.956576e-01 -3.958586e-01 2.009832e-04
5.595596e-01 -4.021051e-01 -4.023060e-01 2.008973e-04
5.605606e-01 -4.085367e-01 -4.087370e-01 2.002666e-04
5.615616e-01 -4.149522e-01 -4.151512e-01 1.989881e-04
5.625626e-01 -4.213512e-01 -4.215497e-01 1.985076e-04
5.635636e-01 -4.277336e-01 -4.279314e-01 1.977669e-04
5.645646e-01 -4.340991e-01 -4.342963e-01 1.972569e-04
5.655656e-01 -4.404473e-01 -4.406436e-01 1.962758e-04
5.665666e-01 -4.467782e-01 -4.469736e-01 1.954322e-04
5.675676e-01 -4.530914e-01 -4.532858e-01 1.943807e-04
5.685686e-01 -4.593866e-01 -4.595806e-01 1.939668e-04
5.695696e-01 -4.656637e-01 -4.658566e-01 1.928901e-04
5.705706e-01 -4.719224e-01 -4.721140e-01 1.916371e-04
5.715716e-01 -4.781624e-01 -4.783536e-01 1.911707e-04
5.725726e-01 -4.843835e-01 -4.845739e-01 1.904265e-04
5.735736e-01 -4.905854e-01 -4.907746e-01 1.891736e-04
5.745746e-01 -4.967679e-01 -4.969564e-01 1.884920e-04
5.755756e-01 -5.029308e-01 -5.031187e-01 1.879109e-04
5.765766e-01 -5.090738e-01 -5.092610e-01 1.871972e-04
5.775776e-01 -5.151966e-01 -5.153821e-01 1.855211e-04
5.785786e-01 -5.212990e-01 -5.214837e-01 1.846745e-04
5.795796e-01 -5.273809e-01 -5.275651e-01 1.841835e-04
5.805806e-01 -5.334419e-01 -5.336253e-01 1.834543e-04
5.815816e-01 -5.394817e-01 -5.396639e-01 1.821306e-04
5.825826e-01 -5.455003e-01 -5.456813e-01 1.810472e-04
5.835836e-01 -5.514972e-01 -5.516776e-01 1.804424e-04
5.845846e-01 -5.574723e-01 -5.576521e-01 1.797189e-04
5.855856e-01 -5.634254e-01 -5.636035e-01 1.780400e-04
5.865866e-01 -5.693562e-01 -5.695336e-01 1.774296e-04
5.875876e-01 -5.752645e-01 -5.754412e-01 1.766916e-04
5.885886e-01 -5.811500e-01 -5.813255e-01 1.754638e-04
5.895896e-01 -5.870125e-01 -5.871875e-01 1.749326e-04
5.905906e-01 -5.928518e-01 -5.930253e-01 1.734225e-04
5.915916e-01 -5.986677e-01 -5.988401e-01 1.723568e-04
5.925926e-01 -6.044599e-01 -6.046315e-01 1.716077e-04
5.935936e-01 -6.102281e-01 -6.103987e-01 1.705700e-04
5.945946e-01 -6.159723e-01 -6.161415e-01 1.692333e-04
5.955956e-01 -6.216920e-01 -6.218603e-01 1.683019e-04
5.965966e-01 -6.273872e-01 -6.275547e-01 1.675250e-04
5.975976e-01 -6.330575e-01 -6.332238e-01 1.662936e-04
5.985986e-01 -6.387028e-01 -6.388682e-01 1.653087e-04
5.995996e-01 -6.443229e-01 -6.444872e-01 1.643169e-04
6.006006e-01 -6.499174e-01 -6.500806e-01 1.631827e-04
6.016016e-01 -6.554863e-01 -6.556488e-01 1.624853e-04
6.026026e-01 -6.610292e-01 -6.611901e-01 1.608950e-04
6.036036e-01 -6.665460e-01 -6.667060e-01 1.600617e-04
6.046046e-01 -6.720364e-01 -6.721959e-01 1.594884e-04
6.056056e-01 -6.775002e-01 -6.776581e-01 1.579617e-04
6.066066e-01 -6.829372e-01 -6.830934e-01 1.561747e-04
6.076076e-01 -6.883472e-01 -6.885030e-01 1.557728e-04
6.086086e-01 -6.937300e-01 -6.938846e-01 1.545860e-04
6.096096e-01 -6.990853e-01 -6.992385e-01 1.531847e-04
6.106106e-01 -7.044130e-01 -7.045659e-01 1.529729e-04
6.116116e-01 -7.097128e-01 -7.098640e-01 1.511812e-04
6.126126e-01 -7.149845e-01 -7.151343e-01 1.498073e-04
6.136136e-01 -7.202280e-01 -7.203768e-01 1.488213e-04
6.146146e-01 -7.254429e-01 -7.255908e-01 1.478346e-04
6.156156e-01 -7.306292e-01 -7.307752e-01 1.459806e-04
6.166166e-01 -7.357866e-01 -7.359322e-01 1.456102e-04
6.176176e-01 -7.409148e-01 -7.410592e-01 1.444241e-04
6.186186e-01 -7.460138e-01 -7.461571e-01 1.433403e-04
6.196196e-01 -7.510832e-01 -7.512251e-01 1.418454e-04
6.206206e-01 -7.561229e-01 -7.562637e-01 1.407358e-04
6.216216e-01 -7.611328e-01 -7.612725e-01 1.397341e-04
6.226226e-01 -7.661125e-01 -7.662508e-01 1.383233e-04
6.236236e-01 -7.710619e-01 -7.711990e-01 1.371771e-04
6.246246e-01 -7.759808e-01 -7.761167e-01 1.358953e-04
6.256256e-01 -7.808690e-01 -7.810043e-01 1.352685e-04
6.266266e-01 -7.857263e-01 -7.858602e-01 1.339404e-04
6.276276e-01 -7.905525e-01 -7.906850e-01 1.324607e-04
6.286286e-01 -7.953475e-01 -7.954786e-01 1.311395e-04
6.296296e-01 -8.001110e-01 -8.002414e-01 1.304050e-04
6.306306e-01 -8.048429e-01 -8.049719e-01 1.290150e-04
6.316316e-01 -8.095429e-01 -8.096707e-01 1.278721e-04
6.326326e-01 -8.142109e-01 -8.143378e-01 1.269236e-04
6.336336e-01 -8.188467e-01 -8.189723e-01 1.256391e-04
6.346346e-01 -8.234500e-01 -8.235742e-01 1.242018e-04
6.356356e-01 -8.280209e-01 -8.281440e-01 1.231515e-04
6.366366e-01 -8.325589e-01 -8.326810e-01 1.220730e-04
6.376376e-01 -8.370641e-01 -8.371848e-01 1.207882e-04
6.386386e-01 -8.415361e-01 -8.416559e-01 1.198328e-04
6.396396e-01 -8.459748e-01 -8.460935e-01 1.186686e-04
6.406406e-01 -8.503801e-01 -8.504974e-01 1.173519e-04
6.416416e-01 -8.547517e-01 -8.548685e-01 1.167722e-04
6.426426e-01 -8.590895e-01 -8.592048e-01 1.153143e-04
6.436436e-01 -8.633933e-01 -8.635072e-01 1.138651e-04
6.446446e-01 -8.676630e-01 -8.677761e-01 1.130717e-04
6.456456e-01 -8.718984e-01 -8.720097e-01 1.113148e-04
6.466466e-01 -8.760992e-01 -8.762097e-01 1.104308e-04
6.476476e-01 -8.802655e-01 -8.803745e-01 1.090363e-04
6.486486e-01 -8.843968e-01 -8.845049e-01 1.080113e-04
6.496496e-01 -8.884932e-01 -8.885999e-01 1.066847e-04
6.506507e-01 -8.925545e-01 -8.926601e-01 1.055763e-04
6.516517e-01 -8.965805e-01 -8.966849e-01 1.044890e-04
6.526527e-01 -9.005709e-01 -9.006738e-01 1.028669e-04
6.536537e-01 -9.045258e-01 -9.046281e-01 1.022983e-04
6.546547e-01 -9.084449e-01 -9.085457e-01 1.007938e-04
6.556557e-01 -9.123280e-01 -9.124280e-01 9.993915e-05
6.566567e-01 -9.161751e-01 -9.162739e-01 9.881492e-05
6.576577e-01 -9.199859e-01 -9.200831e-01 9.721570e-05
6.586587e-01 -9.237603e-01 -9.238563e-01 9.600749e-05
6.596597e-01 -9.274982e-01 -9.275929e-01 9.474355e-05
6.606607e-01 -9.311994e-01 -9.312931e-01 9.369095e-05
6.616617e-01 -9.348637e-01 -9.349560e-01 9.228085e-05
6.626627e-01 -9.384911e-01 -9.385825e-01 9.137344e-05
6.636637e-01 -9.420814e-01 -9.421713e-01 8.992013e-05
6.646647e-01 -9.456343e-01 -9.457230e-01 8.865899e-05
6.656657e-01 -9.491499e-01 -9.492382e-01 8.832660e-05
6.666667e-01 -9.526279e-01 -9.527143e-01 8.632023e-05
6.676677e-01 -9.560683e-01 -9.561535e-01 8.516163e-05
6.686687e-01 -9.594708e-01 -9.595545e-01 8.367561e-05
6.696697e-01 -9.628354e-01 -9.629180e-01 8.259279e-05
6.706707e-01 -9.661619e-01 -9.662436e-01 8.168864e-05
6.716717e-01 -9.694501e-01 -9.695308e-01 8.061792e-05
6.726727e-01 -9.727001e-01 -9.727797e-01 7.962991e-05
6.736737e-01 -9.759115e-01 -9.759896e-01 7.813791e-05
6.746747e-01 -9.790843e-01 -9.791613e-01 7.698421e-05
6.756757e-01 -9.822184e-01 -9.822945e-01 7.605591e-05
6.766767e-01 -9.853137e-01 -9.853881e-01 7.440409e-05
6.776777e-01 -9.883700e-01 -9.884436e-01 7.358172e-05
6.786787e-01 -9.913872e-01 -9.914594e-01 7.227916e-05
6.796797e-01 -9.943651e-01 -9.944360e-01 7.085421e-05
6.806807e-01 -9.973037e-01 -9.973738e-01 7.002069e-05
6.816817e-01 -1.000203e+00 -1.000271e+00 6.840475e-05
6.826827e-01 -1.003063e+00 -1.003130e+00 6.743236e-05
6.836837e-01 -1.005882e+00 -1.005948e+00 6.584574e-05
6.846847e-01 -1.008663e+00 -1.008727e+00 6.471011e-05
6.856857e-01 -1.011403e+00 -1.011466e+00 6.342020e-05
6.866867e-01 -1.014103e+00 -1.014166e+00 6.256122e-05
6.876877e-01 -1.016763e+00 -1.016824e+00 6.104792e-05
6.886887e-01 -1.019383e+00 -1.019443e+00 5.993918e-05
6.896897e-01 -1.021963e+00 -1.022021e+00 5.838497e-05
6.906907e-01 -1.024502e+00 -1.024559e+00 5.720259e-05
6.916917e-01 -1.027000e+00 -1.027056e+00 5.577722e-05
6.926927e-01 -1.029458e+00 -1.029513e+00 5.492296e-05
6.936937e-01 -1.031876e+00 -1.031929e+00 5.354495e-05
6.946947e-01 -1.034252e+00 -1.034305e+00 5.245405e-05
6.956957e-01 -1.036588e+00 -1.036638e+00 5.079062e-05
6.966967e-01 -1.038882e+00 -1.038932e+00 4.960070e-05
6.976977e-01 -1.041136e+00 -1.041184e+00 4.849823e-05
6.986987e-01 -1.043348e+00 -1.043396e+00 4.757234e-05
6.996997e-01 -1.045519e+00 -1.045565e+00 4.619530e-05
7.007007e-01 -1.047649e+00 -1.047693e+00 4.469139e-05
7.017017e-01 -1.049737e+00 -1.049780e+00 4.338328e-05
7.027027e-01 -1.051783e+00 -1.051826e+00 4.235358e-05
7.037037e-01 -1.053788e+00 -1.053829e+00 4.072957e-05
7.047047e-01 -1.055752e+00 -1.055791e+00 3.930581e-05
7.057057e-01 -1.057673e+00 -1.057712e+00 3.839840e-05
7.067067e-01 -1.059553e+00 -1.059591e+00 3.736810e-05
7.077077e-01 -1.061391e+00 -1.061427e+00 3.605083e-05
7.087087e-01 -1.063187e+00 -1.063221e+00 3.451931e-05
7.097097e-01 -1.064941e+00 -1.064974e+00 3.332140e-05
7.107107e-01 -1.066652e+00 -1.066684e+00 3.157282e-05
7.117117e-01 -1.068322e+00 -1.068352e+00 3.053336e-05
7.127127e-01 -1.069949e+00 -1.069979e+00 2.955382e-05
7.137137e-01 -1.071534e+00 -1.071562e+00 2.798329e-05
7.147147e-01 -1.073077e+00 -1.073103e+00 2.683816e-05
7.157157e-01 -1.074577e+00 -1.074602e+00 2.546418e-05
7.167167e-01 -1.076034e+00 -1.076058e+00 2.415911e-05
7.177177e-01 -1.077449e+00 -1.077472e+00 2.250377e-05
7.187187e-01 -1.078822e+00 -1.078842e+00 2.079256e-05
7.197197e-01 -1.080151e+00 -1.080172e+00 2.027186e-05
7.207207e-01 -1.081438e+00 -1.081457e+00 1.861007e-05
7.217217e-01 -1.082682e+00 -1.082700e+00 1.728862e-05
7.227227e-01 -1.083884e+00 -1.083900e+00 1.587989e-05
7.237237e-01 -1.085042e+00 -1.085057e+00 1.419298e-05
7.247247e-01 -1.086158e+00 -1.086170e+00 1.251215e-05
7.257257e-01 -1.087231e+00 -1.087242e+00 1.159677e-05
7.267267e-01 -1.088260e+00 -1.088270e+00 1.005876e-05
7.277277e-01 -1.089247e+00 -1.089255e+00 8.654106e-06
7.287287e-01 -1.090190e+00 -1.090198e+00 7.421835e-06
7.297297e-01 -1.091090e+00 -1.091097e+00 6.637686e-06
7.307307e-01 -1.091948e+00 -1.091953e+00 4.906760e-06
7.317317e-01 -1.092762e+00 -1.092765e+00 3.455060e-06
7.327327e-01 -1.093532e+00 -1.093534e+00 1.599528e-06
7.337337e-01 -1.094260e+00 -1.094260e+00 8.590985e-08
7.347347e-01 -1.094944e+00 -1.094943e+00 8.185990e-07
7.357357e-01 -1.095585e+00 -1.095582e+00 2.517444e-06
7.367367e-01 -1.096183e+00 -1.096179e+00 4.031599e-06
7.377377e-01 -1.096737e+00 -1.096731e+00 5.575843e-06
7.387387e-01 -1.097248e+00 -1.097241e+00 6.651419e-06
7.397397e-01 -1.097715e+00 -1.097707e+00 8.430211e-06
7.407407e-01 -1.098139e+00 -1.098129e+00 1.017847e-05
7.417417e-01 -1.098520e+00 -1.098508e+00 1.140260e-05
7.427427e-01 -1.098857e+00 -1.098844e+00 1.256437e-05
7.437437e-01 -1.099150e+00 -1.099136e+00 1.412730e-05
7.447447e-01 -1.099400e+00 -1.099385e+00 1.536449e-05
7.457457e-01 -1.099607e+00 -1.099590e+00 1.721975e-05
7.467467e-01 -1.099770e+00 -1.099751e+00 1.873122e-05
7.477477e-01 -1.099890e+00 -1.099870e+00 2.013086e-05
7.487487e-01 -1.099966e+00 -1.099944e+00 2.189077e-05
7.497497e-01 -1.099999e+00 -1.099976e+00 2.305427e-05
7.507508e-01 -1.099988e+00 -1.099963e+00 2.457375e-05
7.517518e-01 -1.099933e+00 -1.099907e+00 2.597280e-05
7.527528e-01 -1.099835e+00 -1.099808e+00 2.725356e-05
7.537538e-01 -1.099694e+00 -1.099665e+00 2.889675e-05
7.547548e-01 -1.099509e+00 -1.099479e+00 3.043113e-05
7.557558e-01 -1.099281e+00 -1.099249e+00 3.186400e-05
7.567568e-01 -1.099009e+00 -1.098975e+00 3.391966e-05
7.577578e-01 -1.098694e+00 -1.098658e+00 3.517836e-05
7.587588e-01 -1.098335e+00 -1.098298e+00 3.684466e-05
7.597598e-01 -1.097932e+00 -1.097894e+00 3.797908e-05
7.607608e-01 -1.097487e+00 -1.097447e+00 3.955121e-05
7.617618e-01 -1.096998e+00 -1.096956e+00 4.134026e-05
7.627628e-01 -1.096465e+00 -1.096422e+00 4.265032e-05
7.637638e-01 -1.095889e+00 -1.095845e+00 4.421771e-05
7.647648e-01 -1.095270e+00 -1.095224e+00 4.606522e-05
7.657658e-01 -1.094607e+00 -1.094560e+00 4.726366e-05
7.667668e-01 -1.093902e+00 -1.093853e+00 4.855450e-05
7.677678e-01 -1.093152e+00 -1.093102e+00 5.020409e-05
7.687688e-01 -1.092360e+00 -1.092308e+00 5.224204e-05
7.697698e-01 -1.091524e+00 -1.091470e+00 5.398446e-05
7.707708e-01 -1.090646e+00 -1.090591e+00 5.498755e-05
7.717718e-01 -1.089724e+00 -1.089667e+00 5.695501e-05
7.727728e-01 -1.088759e+00 -1.088701e+00 5.777755e-05
7.737738e-01 -1.087751e+00 -1.087691e+00 5.963909e-05
7.747748e-01 -1.086700e+00 -1.086638e+00 6.114901e-05
7.757758e-01 -1.085606e+00 -1.085542e+00 6.306414e-05
7.767768e-01 -1.084468e+00 -1.084404e+00 6.447409e-05
7.777778e-01 -1.083289e+00 -1.083223e+00 6.566226e-05
7.787788e-01 -1.082066e+00 -1.081999e+00 6.715214e-05
7.797798e-01 -1.080800e+00 -1.080731e+00 6.923055e-05
7.807808e-01 -1.079492e+00 -1.079422e+00 7.027860e-05
7.817818e-01 -1.078141e+00 -1.078069e+00 7.201698e-05
7.827828e-01 -1.076747e+00 -1.076674e+00 7.306863e-05
7.837838e-01 -1.075311e+00 -1.075236e+00 7.491918e-05
7.847848e-01 -1.073832e+00 -1.073755e+00 7.691021e-05
7.857858e-01 -1.072311e+00 -1.072232e+00 7.814652e-05
7.867868e-01 -1.070747e+00 -1.070667e+00 7.988040e-05
7.877878e-01 -1.069141e+00 -1.069060e+00 8.098161e-05
7.887888e-01 -1.067492e+00 -1.067410e+00 8.222894e-05
7.897898e-01 -1.065802e+00 -1.065718e+00 8.392600e-05
7.907908e-01 -1.064069e+00 -1.063984e+00 8.542442e-05
7.917918e-01 -1.062294e+00 -1.062207e+00 8.726958e-05
7.927928e-01 -1.060477e+00 -1.060389e+00 8.857802e-05
7.937938e-01 -1.058619e+00 -1.058528e+00 9.037527e-05
7.947948e-01 -1.056718e+00 -1.056626e+00 9.178120e-05
7.957958e-01 -1.054775e+00 -1.054682e+00 9.310941e-05
7.967968e-01 -1.052791e+00 -1.052696e+00 9.467515e-05
7.977978e-01 -1.050765e+00 -1.050669e+00 9.584167e-05
7.987988e-01 -1.048698e+00 -1.048600e+00 9.788120e-05
7.997998e-01 -1.046589e+00 -1.046490e+00 9.872974e-05
8.008008e-01 -1.044439e+00 -1.044338e+00 1.003781e-04
8.018018e-01 -1.042247e+00 -1.042145e+00 1.019576e-04
8.028028e-01 -1.040014e+00 -1.039911e+00 1.030781e-04
8.038038e-01 -1.037740e+00 -1.037635e+00 1.047817e-04
8.048048e-01 -1.035425e+00 -1.035319e+00 1.059662e-04
8.058058e-01 -1.033069e+00 -1.032962e+00 1.072000e-04
8.068068e-01 -1.030672e+00 -1.030564e+00 1.085763e-04
8.078078e-01 -1.028235e+00 -1.028124e+00 1.101899e-04
8.088088e-01 -1.025756e+00 -1.025645e+00 1.111836e-04
8.098098e-01 -1.023237e+00 -1.023125e+00 1.126091e-04
8.108108e-01 -1.020678e+00 -1.020564e+00 1.140892e-04
8.118118e-01 -1.018078e+00 -1.017963e+00 1.154866e-04
8.128128e-01 -1.015438e+00 -1.015321e+00 1.166660e-04
8.138138e-01 -1.012758e+00 -1.012640e+00 1.179700e-04
8.148148e-01 -1.010038e+00 -1.009918e+00 1.192663e-04
8.158158e-01 -1.007278e+00 -1.007157e+00 1.204240e-04
8.168168e-01 -1.004477e+00 -1.004355e+00 1.220293e-04
8.178178e-01 -1.001638e+00 -1.001515e+00 1.227623e-04
8.188188e-01 -9.987583e-01 -9.986336e-01 1.247023e-04
8.198198e-01 -9.958393e-01 -9.957137e-01 1.256984e-04
8.208208e-01 -9.928810e-01 -9.927540e-01 1.269983e-04
8.218218e-01 -9.898835e-01 -9.897549e-01 1.285999e-04
8.228228e-01 -9.868467e-01 -9.867172e-01 1.295490e-04
8.238238e-01 -9.837709e-01 -9.836403e-01 1.306809e-04
8.248248e-01 -9.806562e-01 -9.805239e-01 1.323557e-04
8.258258e-01 -9.775028e-01 -9.773698e-01 1.329084e-04
8.268268e-01 -9.743106e-01 -9.741767e-01 1.338944e-04
8.278278e-01 -9.710799e-01 -9.709449e-01 1.349630e-04
8.288288e-01 -9.678108e-01 -9.676744e-01 1.363612e-04
8.298298e-01 -9.645034e-01 -9.643660e-01 1.373840e-04
8.308308e-01 -9.611579e-01 -9.610191e-01 1.387581e-04
8.318318e-01 -9.577743e-01 -9.576344e-01 1.399008e-04
8.328328e-01 -9.543528e-01 -9.542122e-01 1.405881e-04
8.338338e-01 -9.508936e-01 -9.507516e-01 1.420284e-04
8.348348e-01 -9.473968e-01 -9.472542e-01 1.425702e-04
8.358358e-01 -9.438625e-01 -9.437189e-01 1.436633e-04
8.368368e-01 -9.402909e-01 -9.401456e-01 1.453283e-04
8.378378e-01 -9.366821e-01 -9.365360e-01 1.460374e-04
8.388388e-01 -9.330362e-01 -9.328894e-01 1.467680e-04
8.398398e-01 -9.293534e-01 -9.292054e-01 1.480218e-04
8.408408e-01 -9.256338e-01 -9.254848e-01 1.489909e-04
8.418418e-01 -9.218777e-01 -9.217277e-01 1.499417e-04
8.428428e-01 -9.180850e-01 -9.179338e-01 1.512610e-04
8.438438e-01 -9.142561e-01 -9.141038e-01 1.522645e-04
8.448448e-01 -9.103910e-01 -9.102380e-01 1.529845e-04
8.458458e-01 -9.064898e-01 -9.063362e-01 1.535738e-04
8.468468e-01 -9.025528e-01 -9.023979e-01 1.549020e-04
8.478478e-01 -8.985801e-01 -8.984244e-01 1.556943e-04
8.488488e-01 -8.945719e-01 -8.944152e-01 1.567040e-04
8.498498e-01 -8.905283e-01 -8.903707e-01 1.576127e-04
8.508509e-01 -8.864494e-01 -8.862912e-01 1.582228e-04
8.518519e-01 -8.823355e-01 -8.821766e-01 1.589340e-04
8.528529e-01 -8.781867e-01 -8.780269e-01 1.597899e-04
8.538539e-01 -8.740031e-01 -8.738425e-01 1.605969e-04
8.548549e-01 -8.697850e-01 -8.696231e-01 1.618782e-04
8.558559e-01 -8.655325e-01 -8.653702e-01 1.622509e-04
8.568569e-01 -8.612457e-01 -8.610829e-01 1.628369e-04
8.578579e-01 -8.569248e-01 -8.567609e-01 1.639250e-04
8.588589e-01 -8.525701e-01 -8.524056e-01 1.644941e-04
8.598599e-01 -8.481816e-01 -8.480164e-01 1.651931e-04
8.608609e-01 -8.437596e-01 -8.435931e-01 1.665534e-04
8.618619e-01 -8.393042e-01 -8.391369e-01 1.673193e-04
8.628629e-01 -8.348156e-01 -8.346480e-01 1.676671e-04
8.638639e-01 -8.302940e-01 -8.301256e-01 1.683704e-04
8.648649e-01 -8.257395e-01 -8.255703e-01 1.692505e-04
8.658659e-01 -8.211524e-01 -8.209824e-01 1.700106e-04
8.668669e-01 -8.165328e-01 -8.163621e-01 1.707130e-04
8.678679e-01 -8.118809e-01 -8.117093e-01 1.715404e-04
8.688689e-01 -8.071969e-01 -8.070245e-01 1.723193e-04
8.698699e-01 -8.024809e-01 -8.023080e-01 1.728773e-04
8.708709e-01 -7.977332e-01 -7.975594e-01 1.737585e-04
8.718719e-01 -7.929539e-01 -7.927796e-01 1.743164e-04
8.728729e-01 -7.881433e-01 -7.879687e-01 1.746207e-04
8.738739e-01 -7.833015e-01 -7.831259e-01 1.755770e-04
8.748749e-01 -7.784287e-01 -7.782531e-01 1.755887e-04
8.758759e-01 -7.735251e-01 -7.733485e-01 1.766367e-04
8.768769e-01 -7.685910e-01 -7.684134e-01 1.776037e-04
8.778779e-01 -7.636264e-01 -7.634483e-01 1.780888e-04
8.788789e-01 -7.586316e-01 -7.584525e-01 1.791228e-04
8.798799e-01 -7.536068e-01 -7.534277e-01 1.791152e-04
8.808809e-01 -7.485522e-01 -7.483724e-01 1.798145e-04
8.818819e-01 -7.434680e-01 -7.432876e-01 1.803478e-04
8.828829e-01 -7.383543e-01 -7.381735e-01 1.807969e-04
8.838839e-01 -7.332115e-01 -7.330303e-01 1.812449e-04
8.848849e-01 -7.280397e-01 -7.278572e-01 1.824913e-04
8.858859e-01 -7.228390e-01 -7.226558e-01 1.831910e-04
8.868869e-01 -7.176098e-01 -7.174260e-01 1.837881e-04
8.878879e-01 -7.123522e-01 -7.121682e-01 1.840127e-04
8.888889e-01 -7.070664e-01 -7.068811e-01 1.852648e-04
8.898899e-01 -7.017526e-01 -7.015670e-01 1.856076e-04
8.908909e-01 -6.964111e-01 -6.962247e-01 1.863244e-04
8.918919e-01 -6.910420e-01 -6.908552e-01 1.867920e-04
8.928929e-01 -6.856456e-01 -6.854580e-01 1.875803e-04
8.938939e-01 -6.802221e-01 -6.800339e-01 1.881875e-04
8.948949e-01 -6.747716e-01 -6.745828e-01 1.888283e-04
8.958959e-01 -6.692945e-01 -6.691051e-01 1.893605e-04
8.968969e-01 -6.637909e-01 -6.636007e-01 1.901202e-04
8.978979e-01 -6.582610e-01 -6.580705e-01 1.904904e-04
8.988989e-01 -6.527051e-01 -6.525136e-01 1.915244e-04
8.998999e-01 -6.471234e-01 -6.469316e-01 1.917731e-04
9.009009e-01 -6.415160e-01 -6.413236e-01 1.924109e-04
9.019019e-01 -6.358833e-01 -6.356903e-01 1.930636e-04
9.029029e-01 -6.302255e-01 -6.300318e-01 1.937156e-04
9.039039e-01 -6.245427e-01 -6.243485e-01 1.942331e-04
9.049049e-01 -6.188352e-01 -6.186401e-01 1.950792e-04
9.059059e-01 -6.131032e-01 -6.129074e-01 1.958838e-04
9.069069e-01 -6.073470e-01 -6.071501e-01 1.968736e-04
9.079079e-01 -6.015668e-01 -6.013705e-01 1.962496e-04
9.089089e-01 -5.957627e-01 -5.955651e-01 1.975785e-04
9.099099e-01 -5.899351e-01 -5.897369e-01 1.982287e-04
9.109109e-01 -5.840842e-01 -5.838856e-01 1.985500e-04
9.119119e-01 -5.782101e-01 -5.780106e-01 1.994892e-04
9.129129e-01 -5.723132e-01 -5.721131e-01 2.000865e-04
9.139139e-01 -5.663936e-01 -5.661928e-01 2.008135e-04
9.149149e-01 -5.604517e-01 -5.602505e-01 2.011892e-04
9.159159e-01 -5.544875e-01 -5.542853e-01 2.021639e-04
9.169169e-01 -5.485014e-01 -5.482990e-01 2.024238e-04
9.179179e-01 -5.424937e-01 -5.422905e-01 2.031593e-04
9.189189e-01 -5.364644e-01 -5.362603e-01 2.041314e-04
9.199199e-01 -5.304140e-01 -5.302097e-01 2.042670e-04
9.209209e-01 -5.243426e-01 -5.241373e-01 2.052363e-04
9.219219e-01 -5.182504e-01 -5.180445e-01 2.058486e-04
9.229229e-01 -5.121377e-01 -5.119315e-01 2.062260e-04
9.239239e-01 -5.060048e-01 -5.057977e-01 2.070869e-04
9.249249e-01 -4.998518e-01 -4.996436e-01 2.081973e-04
9.259259e-01 -4.936791e-01 -4.934706e-01 2.084890e-04
9.269269e-01 -4.874868e-01 -4.872771e-01 2.097562e-04
9.279279e-01 -4.812753e-01 -4.810651e-01 2.102170e-04
9.289289e-01 -4.750447e-01 -4.748341e-01 2.105942e-04
9.299299e-01 -4.687954e-01 -4.685835e-01 2.118494e-04
9.309309e-01 -4.625275e-01 -4.623150e-01 2.124417e-04
9.319319e-01 -4.562413e-01 -4.560285e-01 2.127382e-04
9.329329e-01 -4.499370e-01 -4.497240e-01 2.129876e-04
9.339339e-01 -4.436150e-01 -4.434009e-01 2.140353e-04
9.349349e-01 -4.372754e-01 -4.370607e-01 2.147009e-04
9.359359e-01 -4.309185e-01 -4.307030e-01 2.154737e-04
9.369369e-01 -4.245445e-01 -4.243289e-01 2.156513e-04
9.379379e-01 -4.181538e-01 -4.179371e-01 2.166780e-04
9.389389e-01 -4.117465e-01 -4.115291e-01 2.173761e-04
9.399399e-01 -4.053229e-01 -4.051049e-01 2.179991e-04
9.409409e-01 -3.988833e-01 -3.986644e-01 2.189203e-04
9.419419e-01 -3.924280e-01 -3.922086e-01 2.193214e-04
9.429429e-01 -3.859571e-01 -3.857370e-01 2.200540e-04
9.439439e-01 -3.794709e-01 -3.792503e-01 2.205396e-04
9.449449e-01 -3.729697e-01 -3.727480e-01 2.217498e-04
9.459459e-01 -3.664538e-01 -3.662319e-01 2.219155e-04
9.469469e-01 -3.599233e-01 -3.597004e-01 2.229632e-04
9.479479e-01 -3.533787e-01 -3.531551e-01 2.236015e-04
9.489489e-01 -3.468200e-01 -3.465965e-01 2.234934e-04
9.499499e-01 -3.402477e-01 -3.400230e-01 2.246864e-04
9.509510e-01 -3.336618e-01 -3.334370e-01 2.248178e-04
9.519520e-01 -3.270628e-01 -3.268374e-01 2.254595e-04
9.529530e-01 -3.204509e-01 -3.202248e-01 2.260380e-04
9.539540e-01 -3.138262e-01 -3.135999e-01 2.262786e-04
9.549550e-01 -3.071892e-01 -3.069625e-01 2.266815e-04
9.559560e-01 -3.005400e-01 -3.003125e-01 2.274499e-04
9.569570e-01 -2.938789e-01 -2.936508e-01 2.280718e-04
9.579580e-01 -2.872062e-01 -2.869776e-01 2.285723e-04
9.589590e-01 -2.805221e-01 -2.802932e-01 2.289174e-04
9.599600e-01 -2.738269e-01 -2.735977e-01 2.292522e-04
9.609610e-01 -2.671209e-01 -2.668909e-01 2.299609e-04
9.619620e-01 -2.604043e-01 -2.601743e-01 2.300569e-04
9.629630e-01 -2.536775e-01 -2.534465e-01 2.309384e-04
9.639640e-01 -2.469405e-01 -2.467089e-01 2.316796e-04
9.649650e-01 -2.401939e-01 -2.399623e-01 2.315335e-04
9.659660e-01 -2.334377e-01 -2.332057e-01 2.319591e-04
9.669670e-01 -2.266723e-01 -2.264398e-01 2.325085e-04
9.679680e-01 -2.198979e-01 -2.196651e-01 2.327936e-04
9.689690e-01 -2.131148e-01 -2.128817e-01 2.330825e-04
9.699700e-01 -2.063233e-01 -2.060902e-01 2.331068e-04
9.709710e-01 -1.995236e-01 -1.992900e-01 2.336123e-04
9.719720e-01 -1.927161e-01 -1.924822e-01 2.339141e-04
9.729730e-01 -1.859009e-01 -1.856671e-01 2.338048e-04
9.739740e-01 -1.790784e-01 -1.788443e-01 2.340903e-04
9.749750e-01 -1.722487e-01 -1.720143e-01 2.344445e-04
9.759760e-01 -1.654123e-01 -1.651775e-01 2.347799e-04
9.769770e-01 -1.585693e-01 -1.583346e-01 2.347709e-04
9.779780e-01 -1.517201e-01 -1.514851e-01 2.349863e-04
9.789790e-01 -1.448648e-01 -1.446295e-01 2.352797e-04
9.799800e-01 -1.380038e-01 -1.377684e-01 2.353858e-04
9.809810e-01 -1.311374e-01 -1.309019e-01 2.354569e-04
9.819820e-01 -1.242658e-01 -1.240304e-01 2.353473e-04
9.829830e-01 -1.173892e-01 -1.171534e-01 2.358058e-04
9.839840e-01 -1.105080e-01 -1.102721e-01 2.359121e-04
9.849850e-01 -1.036225e-01 -1.033868e-01 2.356406e-04
9.859860e-01 -9.673280e-02 -9.649646e-02 2.363364e-04
9.869870e-01 -8.983931e-02 -8.960330e-02 2.360072e-04
9.879880e-01 -8.294227e-02 -8.270615e-02 2.361176e-04
9.889890e-01 -7.604195e-02 -7.580513e-02 2.368214e-04
9.899900e-01 -6.913862e-02 -6.890208e-02 2.365438e-04
9.909910e-01 -6.223255e-02 -6.199676e-02 2.357961e-04
9.919920e-01 -5.532403e-02 -5.508745e-02 2.365802e-04
9.929930e-01 -4.841331e-02 -4.817647e-02 2.368448e-04
9.939940e-01 -4.150068e-02 -4.126376e-02 2.369228e-04
9.949950e-01 -3.458641e-02 -3.434968e-02 2.367301e-04
9.959960e-01 -2.767077e-02 -2.743411e-02 2.366593e-04
9.969970e-01 -2.075404e-02 -2.051675e-02 2.372821e-04
9.979980e-01 -1.383648e-02 -1.359904e-02 2.374415e-04
9.989990e-01 -6.918377e-03 -6.680369e-03 2.380073e-04
1.000000e+00 -2.694223e-16 2.378821e-04 2.378821e-04
