# x  u_exact  u_pred  abs_error
0.000000e+00 0.000000e+00 -2.289424e-01 2.289424e-01
1.001001e-03 6.918377e-03 -2.215772e-01 2.284955e-01
2.002002e-03 1.383648e-02 -2.142124e-01 2.280488e-01
3.003003e-03 2.075404e-02 -2.068475e-01 2.276016e-01
4.004004e-03 2.767077e-02 -1.994827e-01 2.271535e-01
5.005005e-03 3.458641e-02 -1.921185e-01 2.267049e-01
6.006006e-03 4.150068e-02 -1.847538e-01 2.262545e-01
7.007007e-03 4.841331e-02 -1.773899e-01 2.258032e-01
8.008008e-03 5.532403e-02 -1.700275e-01 2.253515e-01
9.009009e-03 6.223255e-02 -1.626660e-01 2.248986e-01
1.001001e-02 6.913862e-02 -1.553075e-01 2.244461e-01
1.101101e-02 7.604195e-02 -1.479512e-01 2.239932e-01
1.201201e-02 8.294227e-02 -1.405975e-01 2.235398e-01
1.301301e-02 8.983931e-02 -1.332477e-01 2.230870e-01
1.401401e-02 9.673280e-02 -1.259006e-01 2.226334e-01
1.501502e-02 1.036225e-01 -1.185578e-01 2.221802e-01
1.601602e-02 1.105080e-01 -1.112181e-01 2.217261e-01
1.701702e-02 1.173892e-01 -1.038827e-01 2.212719e-01
1.801802e-02 1.242658e-01 -9.655166e-02 2.208174e-01
1.901902e-02 1.311374e-01 -8.922523e-02 2.203626e-01
2.002002e-02 1.380038e-01 -8.190393e-02 2.199078e-01
2.102102e-02 1.448648e-01 -7.458913e-02 2.194540e-01
2.202202e-02 1.517201e-01 -6.727913e-02 2.189992e-01
2.302302e-02 1.585693e-01 -5.997661e-02 2.185459e-01
2.402402e-02 1.654123e-01 -5.268076e-02 2.180931e-01
2.502503e-02 1.722487e-01 -4.539108e-02 2.176398e-01
2.602603e-02 1.790784e-01 -3.810927e-02 2.171876e-01
2.702703e-02 1.859009e-01 -3.083324e-02 2.167341e-01
2.802803e-02 1.927161e-01 -2.356520e-02 2.162813e-01
2.902903e-02 1.995236e-01 -1.630443e-02 2.158281e-01
3.003003e-02 2.063233e-01 -9.051085e-03 2.153744e-01
3.103103e-02 2.131148e-01 -1.805276e-03 2.149201e-01
3.203203e-02 2.198979e-01 5.431503e-03 2.144664e-01
3.303303e-02 2.266723e-01 1.266021e-02 2.140121e-01
3.403403e-02 2.334377e-01 1.987904e-02 2.135587e-01
3.503504e-02 2.401939e-01 2.708942e-02 2.131045e-01
3.603604e-02 2.469405e-01 3.428978e-02 2.126508e-01
3.703704e-02 2.536775e-01 4.148138e-02 2.121961e-01
3.803804e-02 2.604043e-01 4.866278e-02 2.117415e-01
3.903904e-02 2.671209e-01 5.583471e-02 2.112862e-01
4.004004e-02 2.738269e-01 6.299704e-02 2.108299e-01
4.104104e-02 2.805221e-01 7.014894e-02 2.103731e-01
4.204204e-02 2.872062e-01 7.729015e-02 2.099160e-01
4.304304e-02 2.938789e-01 8.442071e-02 2.094582e-01
4.404404e-02 3.005400e-01 9.153917e-02 2.090008e-01
4.504505e-02 3.071892e-01 9.864622e-02 2.085429e-01
4.604605e-02 3.138262e-01 1.057411e-01 2.080851e-01
4.704705e-02 3.204509e-01 1.128233e-01 2.076276e-01
4.804805e-02 3.270628e-01 1.198936e-01 2.071692e-01
4.904905e-02 3.336618e-01 1.269512e-01 2.067106e-01
5.005005e-02 3.402477e-01 1.339962e-01 2.062515e-01
5.105105e-02 3.468200e-01 1.410285e-01 2.057915e-01
5.205205e-02 3.533787e-01 1.480464e-01 2.053323e-01
5.305305e-02 3.599233e-01 1.550519e-01 2.048715e-01
5.405405e-02 3.664538e-01 1.620425e-01 2.044113e-01
5.505506e-02 3.729697e-01 1.690183e-01 2.039514e-01
5.605606e-02 3.794709e-01 1.759793e-01 2.034915e-01
5.705706e-02 3.859571e-01 1.829254e-01 2.030317e-01
5.805806e-02 3.924280e-01 1.898569e-01 2.025710e-01
5.905906e-02 3.988833e-01 1.967720e-01 2.021113e-01
6.006006e-02 4.053229e-01 2.036721e-01 2.016509e-01
6.106106e-02 4.117465e-01 2.105561e-01 2.011904e-01
6.206206e-02 4.181538e-01 2.174243e-01 2.007295e-01
6.306306e-02 4.245445e-01 2.242770e-01 2.002675e-01
6.406406e-02 4.309185e-01 2.311121e-01 1.998064e-01
6.506507e-02 4.372754e-01 2.379303e-01 1.993450e-01
6.606607e-02 4.436150e-01 2.447317e-01 1.988832e-01
6.706707e-02 4.499370e-01 2.515152e-01 1.984218e-01
6.806807e-02 4.562413e-01 2.582808e-01 1.979604e-01
6.906907e-02 4.625275e-01 2.650284e-01 1.974990e-01
7.007007e-02 4.687954e-01 2.717574e-01 1.970379e-01
7.107107e-02 4.750447e-01 2.784684e-01 1.965764e-01
7.207207e-02 4.812753e-01 2.851605e-01 1.961148e-01
7.307307e-02 4.874868e-01 2.918338e-01 1.956531e-01
7.407407e-02 4.936791e-01 2.984873e-01 1.951918e-01
7.507508e-02 4.998518e-01 3.051202e-01 1.947316e-01
7.607608e-02 5.060048e-01 3.117334e-01 1.942714e-01
7.707708e-02 5.121377e-01 3.183257e-01 1.938120e-01
7.807808e-02 5.182504e-01 3.248966e-01 1.933538e-01
7.907908e-02 5.243426e-01 3.314466e-01 1.928959e-01
8.008008e-02 5.304140e-01 3.379751e-01 1.924389e-01
8.108108e-02 5.364644e-01 3.444829e-01 1.919815e-01
8.208208e-02 5.424937e-01 3.509682e-01 1.915255e-01
8.308308e-02 5.485014e-01 3.574318e-01 1.910696e-01
8.408408e-02 5.544875e-01 3.638739e-01 1.906136e-01
8.508509e-02 5.604517e-01 3.702925e-01 1.901591e-01
8.608609e-02 5.663936e-01 3.766889e-01 1.897047e-01
8.708709e-02 5.723132e-01 3.830627e-01 1.892505e-01
8.808809e-02 5.782101e-01 3.894134e-01 1.887967e-01
8.908909e-02 5.840842e-01 3.957407e-01 1.883434e-01
9.009009e-02 5.899351e-01 4.020444e-01 1.878907e-01
9.109109e-02 5.957627e-01 4.083253e-01 1.874374e-01
9.209209e-02 6.015668e-01 4.145822e-01 1.869846e-01
9.309309e-02 6.073470e-01 4.208150e-01 1.865320e-01
9.409409e-02 6.131032e-01 4.270241e-01 1.860791e-01
9.509510e-02 6.188352e-01 4.332082e-01 1.856270e-01
9.609610e-02 6.245427e-01 4.393682e-01 1.851744e-01
9.709710e-02 6.302255e-01 4.455027e-01 1.847228e-01
9.809810e-02 6.358833e-01 4.516122e-01 1.842712e-01
9.909910e-02 6.415160e-01 4.576962e-01 1.838198e-01
1.001001e-01 6.471234e-01 4.637547e-01 1.833686e-01
1.011011e-01 6.527051e-01 4.697868e-01 1.829183e-01
1.021021e-01 6.582610e-01 4.757938e-01 1.824672e-01
1.031031e-01 6.637909e-01 4.817736e-01 1.820172e-01
1.041041e-01 6.692945e-01 4.877276e-01 1.815669e-01
1.051051e-01 6.747716e-01 4.936545e-01 1.811171e-01
1.061061e-01 6.802221e-01 4.995544e-01 1.806677e-01
1.071071e-01 6.856456e-01 5.054277e-01 1.802179e-01
1.081081e-01 6.910420e-01 5.112733e-01 1.797687e-01
1.091091e-01 6.964111e-01 5.170907e-01 1.793204e-01
1.101101e-01 7.017526e-01 5.228810e-01 1.788716e-01
1.111111e-01 7.070664e-01 5.286431e-01 1.784233e-01
1.121121e-01 7.123522e-01 5.343767e-01 1.779755e-01
1.131131e-01 7.176098e-01 5.400819e-01 1.775279e-01
1.141141e-01 7.228390e-01 5.457588e-01 1.770802e-01
1.151151e-01 7.280397e-01 5.514070e-01 1.766326e-01
1.161161e-01 7.332115e-01 5.570265e-01 1.761850e-01
1.171171e-01 7.383543e-01 5.626168e-01 1.757375e-01
1.181181e-01 7.434680e-01 5.681772e-01 1.752907e-01
1.191191e-01 7.485522e-01 5.737087e-01 1.748435e-01
1.201201e-01 7.536068e-01 5.792108e-01 1.743960e-01
1.211211e-01 7.586316e-01 5.846825e-01 1.739491e-01
1.221221e-01 7.636264e-01 5.901253e-01 1.735011e-01
1.231231e-01 7.685910e-01 5.955384e-01 1.730526e-01
1.241241e-01 7.735251e-01 6.009207e-01 1.726045e-01
1.251251e-01 7.784287e-01 6.062739e-01 1.721548e-01
1.261261e-01 7.833015e-01 6.115965e-01 1.717050e-01
1.271271e-01 7.881433e-01 6.168888e-01 1.712546e-01
1.281281e-01 7.929539e-01 6.221505e-01 1.708035e-01
1.291291e-01 7.977332e-01 6.273813e-01 1.703519e-01
1.301301e-01 8.024809e-01 6.325814e-01 1.698995e-01
1.311311e-01 8.071969e-01 6.377504e-01 1.694465e-01
1.321321e-01 8.118809e-01 6.428878e-01 1.689931e-01
1.331331e-01 8.165328e-01 6.479939e-01 1.685389e-01
1.341341e-01 8.211524e-01 6.530679e-01 1.680845e-01
1.351351e-01 8.257395e-01 6.581106e-01 1.676290e-01
1.361361e-01 8.302940e-01 6.631206e-01 1.671734e-01
1.371371e-01 8.348156e-01 6.680982e-01 1.667174e-01
1.381381e-01 8.393042e-01 6.730434e-01 1.662608e-01
1.391391e-01 8.437596e-01 6.779552e-01 1.658045e-01
1.401401e-01 8.481816e-01 6.828344e-01 1.653472e-01
1.411411e-01 8.525701e-01 6.876798e-01 1.648903e-01
1.421421e-01 8.569248e-01 6.924909e-01 1.644340e-01
1.431431e-01 8.612457e-01 6.972693e-01 1.639764e-01
1.441441e-01 8.655325e-01 7.020136e-01 1.635189e-01
1.451451e-01 8.697850e-01 7.067240e-01 1.630610e-01
1.461461e-01 8.740031e-01 7.114004e-01 1.626027e-01
1.471471e-01 8.781867e-01 7.160421e-01 1.621446e-01
1.481481e-01 8.823355e-01 7.206504e-01 1.616851e-01
1.491491e-01 8.864494e-01 7.252233e-01 1.612261e-01
1.501502e-01 8.905283e-01 7.297619e-01 1.607664e-01
1.511512e-01 8.945719e-01 7.342651e-01 1.603068e-01
1.521522e-01 8.985801e-01 7.387329e-01 1.598473e-01
1.531532e-01 9.025528e-01 7.431666e-01 1.593862e-01
1.541542e-01 9.064898e-01 7.475643e-01 1.589255e-01
1.551552e-01 9.103910e-01 7.519265e-01 1.584644e-01
1.561562e-01 9.142561e-01 7.562535e-01 1.580025e-01
1.571572e-01 9.180850e-01 7.605445e-01 1.575405e-01
1.581582e-01 9.218777e-01 7.647997e-01 1.570779e-01
1.591592e-01 9.256338e-01 7.690190e-01 1.566148e-01
1.601602e-01 9.293534e-01 7.732015e-01 1.561519e-01
1.611612e-01 9.330362e-01 7.773477e-01 1.556885e-01
1.621622e-01 9.366821e-01 7.814573e-01 1.552247e-01
1.631632e-01 9.402909e-01 7.855300e-01 1.547609e-01
1.641642e-01 9.438625e-01 7.895657e-01 1.542968e-01
1.651652e-01 9.473968e-01 7.935637e-01 1.538331e-01
1.661662e-01 9.508936e-01 7.975246e-01 1.533691e-01
1.671672e-01 9.543528e-01 8.014489e-01 1.529040e-01
1.681682e-01 9.577743e-01 8.053349e-01 1.524394e-01
1.691692e-01 9.611579e-01 8.091838e-01 1.519740e-01
1.701702e-01 9.645034e-01 8.129945e-01 1.515089e-01
1.711712e-01 9.678108e-01 8.167673e-01 1.510435e-01
1.721722e-01 9.710799e-01 8.205023e-01 1.505776e-01
1.731732e-01 9.743106e-01 8.241987e-01 1.501119e-01
1.741742e-01 9.775028e-01 8.278571e-01 1.496456e-01
1.751752e-01 9.806562e-01 8.314765e-01 1.491797e-01
1.761762e-01 9.837709e-01 8.350570e-01 1.487140e-01
1.771772e-01 9.868467e-01 8.385992e-01 1.482475e-01
1.781782e-01 9.898835e-01 8.421023e-01 1.477811e-01
1.791792e-01 9.928810e-01 8.455664e-01 1.473146e-01
1.801802e-01 9.958393e-01 8.489910e-01 1.468484e-01
1.811812e-01 9.987583e-01 8.523763e-01 1.463819e-01
1.821822e-01 1.001638e+00 8.557223e-01 1.459154e-01
1.831832e-01 1.004477e+00 8.590283e-01 1.454492e-01
1.841842e-01 1.007278e+00 8.622947e-01 1.449828e-01
1.851852e-01 1.010038e+00 8.655213e-01 1.445164e-01
1.861862e-01 1.012758e+00 8.687075e-01 1.440505e-01
1.871872e-01 1.015438e+00 8.718532e-01 1.435849e-01
1.881882e-01 1.018078e+00 8.749589e-01 1.431193e-01
1.891892e-01 1.020678e+00 8.780248e-01 1.426531e-01
1.901902e-01 1.023237e+00 8.810499e-01 1.421874e-01
1.911912e-01 1.025756e+00 8.840346e-01 1.417216e-01
1.921922e-01 1.028235e+00 8.869783e-01 1.412563e-01
1.931932e-01 1.030672e+00 8.898813e-01 1.407909e-01
1.941942e-01 1.033069e+00 8.927431e-01 1.403259e-01
1.951952e-01 1.035425e+00 8.955645e-01 1.398606e-01
1.961962e-01 1.037740e+00 8.983442e-01 1.393959e-01
1.971972e-01 1.040014e+00 9.010829e-01 1.389312e-01
1.981982e-01 1.042247e+00 9.037803e-01 1.384666e-01
1.991992e-01 1.044439e+00 9.064363e-01 1.380023e-01
2.002002e-01 1.046589e+00 9.090508e-01 1.375381e-01
2.012012e-01 1.048698e+00 9.116239e-01 1.370739e-01
2.022022e-01 1.050765e+00 9.141557e-01 1.366096e-01
2.032032e-01 1.052791e+00 9.166459e-01 1.361453e-01
2.042042e-01 1.054775e+00 9.190949e-01 1.356805e-01
2.052052e-01 1.056718e+00 9.215019e-01 1.352159e-01
2.062062e-01 1.058619e+00 9.238673e-01 1.347513e-01
2.072072e-01 1.060477e+00 9.261909e-01 1.342865e-01
2.082082e-01 1.062294e+00 9.284723e-01 1.338220e-01
2.092092e-01 1.064069e+00 9.307121e-01 1.333570e-01
2.102102e-01 1.065802e+00 9.329098e-01 1.328921e-01
2.112112e-01 1.067492e+00 9.350656e-01 1.324269e-01
2.122122e-01 1.069141e+00 9.371785e-01 1.319623e-01
2.132132e-01 1.070747e+00 9.392502e-01 1.314967e-01
2.142142e-01 1.072311e+00 9.412797e-01 1.310309e-01
2.152152e-01 1.073832e+00 9.432676e-01 1.305644e-01
2.162162e-01 1.075311e+00 9.452128e-01 1.300980e-01
2.172172e-01 1.076747e+00 9.471157e-01 1.296313e-01
2.182182e-01 1.078141e+00 9.489765e-01 1.291643e-01
2.192192e-01 1.079492e+00 9.507943e-01 1.286975e-01
2.202202e-01 1.080800e+00 9.525694e-01 1.282308e-01
2.212212e-01 1.082066e+00 9.543012e-01 1.277646e-01
2.222222e-01 1.083289e+00 9.559894e-01 1.272991e-01
2.232232e-01 1.084468e+00 9.576352e-01 1.268332e-01
2.242242e-01 1.085606e+00 9.592373e-01 1.263682e-01
2.252252e-01 1.086700e+00 9.607953e-01 1.259043e-01
2.262262e-01 1.087751e+00 9.623103e-01 1.254404e-01
2.272272e-01 1.088759e+00 9.637824e-01 1.249764e-01
2.282282e-01 1.089724e+00 9.652106e-01 1.245132e-01
2.292292e-01 1.090646e+00 9.665956e-01 1.240501e-01
2.302302e-01 1.091524e+00 9.679366e-01 1.235879e-01
2.312312e-01 1.092360e+00 9.692340e-01 1.231260e-01
2.322322e-01 1.093152e+00 9.704869e-01 1.226655e-01
2.332332e-01 1.093902e+00 9.716956e-01 1.222059e-01
2.342342e-01 1.094607e+00 9.728601e-01 1.217473e-01
2.352352e-01 1.095270e+00 9.739797e-01 1.212903e-01
2.362362e-01 1.095889e+00 9.750549e-01 1.208343e-01
2.372372e-01 1.096465e+00 9.760858e-01 1.203793e-01
2.382382e-01 1.096998e+00 9.770730e-01 1.199246e-01
2.392392e-01 1.097487e+00 9.780155e-01 1.194712e-01
2.402402e-01 1.097932e+00 9.789149e-01 1.190175e-01
2.412412e-01 1.098335e+00 9.797698e-01 1.185649e-01
2.422422e-01 1.098694e+00 9.805813e-01 1.181122e-01
2.432432e-01 1.099009e+00 9.813493e-01 1.176596e-01
2.442442e-01 1.099281e+00 9.820731e-01 1.172076e-01
2.452452e-01 1.099509e+00 9.827533e-01 1.167558e-01
2.462462e-01 1.099694e+00 9.833894e-01 1.163047e-01
2.472472e-01 1.099835e+00 9.839815e-01 1.158540e-01
2.482482e-01 1.099933e+00 9.845300e-01 1.154034e-01
2.492492e-01 1.099988e+00 9.850346e-01 1.149532e-01
2.502503e-01 1.099999e+00 9.854956e-01 1.145031e-01
2.512513e-01 1.099966e+00 9.859130e-01 1.140530e-01
2.522523e-01 1.099890e+00 9.862871e-01 1.136027e-01
2.532533e-01 1.099770e+00 9.866182e-01 1.131520e-01
2.542543e-01 1.099607e+00 9.869065e-01 1.127006e-01
2.552553e-01 1.099400e+00 9.871519e-01 1.122485e-01
2.562563e-01 1.099150e+00 9.873539e-01 1.117963e-01
2.572573e-01 1.098857e+00 9.875135e-01 1.113431e-01
2.582583e-01 1.098520e+00 9.876296e-01 1.108899e-01
2.592593e-01 1.098139e+00 9.877031e-01 1.104358e-01
2.602603e-01 1.097715e+00 9.877331e-01 1.099819e-01
2.612613e-01 1.097248e+00 9.877203e-01 1.095273e-01
2.622623e-01 1.096737e+00 9.876640e-01 1.090728e-01
2.632633e-01 1.096183e+00 9.875647e-01 1.086179e-01
2.642643e-01 1.095585e+00 9.874230e-01 1.081620e-01
2.652653e-01 1.094944e+00 9.872383e-01 1.077058e-01
2.662663e-01 1.094260e+00 9.870118e-01 1.072481e-01
2.672673e-01 1.093532e+00 9.867426e-01 1.067898e-01
2.682683e-01 1.092762e+00 9.864309e-01 1.063308e-01
2.692693e-01 1.091948e+00 9.860768e-01 1.058709e-01
2.702703e-01 1.091090e+00 9.856798e-01 1.054107e-01
2.712713e-01 1.090190e+00 9.852401e-01 1.049500e-01
2.722723e-01 1.089247e+00 9.847576e-01 1.044891e-01
2.732733e-01 1.088260e+00 9.842318e-01 1.040283e-01
2.742743e-01 1.087231e+00 9.836628e-01 1.035677e-01
2.752753e-01 1.086158e+00 9.830509e-01 1.031070e-01
2.762763e-01 1.085042e+00 9.823957e-01 1.026466e-01
2.772773e-01 1.083884e+00 9.816973e-01 1.021865e-01
2.782783e-01 1.082682e+00 9.809560e-01 1.017265e-01
2.792793e-01 1.081438e+00 9.801722e-01 1.012661e-01
2.802803e-01 1.080151e+00 9.793457e-01 1.008056e-01
2.812813e-01 1.078822e+00 9.784762e-01 1.003454e-01
2.822823e-01 1.077449e+00 9.775637e-01 9.988549e-02
2.832833e-01 1.076034e+00 9.766083e-01 9.942595e-02
2.842843e-01 1.074577e+00 9.756101e-01 9.896659e-02
2.852853e-01 1.073077e+00 9.745684e-01 9.850816e-02
2.862863e-01 1.071534e+00 9.734839e-01 9.805021e-02
2.872873e-01 1.069949e+00 9.723561e-01 9.759302e-02
2.882883e-01 1.068322e+00 9.711856e-01 9.713636e-02
2.892893e-01 1.066652e+00 9.699717e-01 9.668078e-02
2.902903e-01 1.064941e+00 9.687160e-01 9.622472e-02
2.912913e-01 1.063187e+00 9.674178e-01 9.576910e-02
2.922923e-01 1.061391e+00 9.660778e-01 9.531326e-02
2.932933e-01 1.059553e+00 9.646961e-01 9.485710e-02
2.942943e-01 1.057673e+00 9.632719e-01 9.440158e-02
2.952953e-01 1.055752e+00 9.618072e-01 9.394464e-02
2.962963e-01 1.053788e+00 9.603006e-01 9.348784e-02
2.972973e-01 1.051783e+00 9.587526e-01 9.303078e-02
2.982983e-01 1.049737e+00 9.571634e-01 9.257335e-02
2.992993e-01 1.047649e+00 9.555336e-01 9.211500e-02
3.003003e-01 1.045519e+00 9.538630e-01 9.165597e-02
3.013013e-01 1.043348e+00 9.521518e-01 9.119611e-02
3.023023e-01 1.041136e+00 9.504001e-01 9.073557e-02
3.033033e-01 1.038882e+00 9.486082e-01 9.027403e-02
3.043043e-01 1.036588e+00 9.467769e-01 8.981078e-02
3.053053e-01 1.034252e+00 9.449051e-01 8.934706e-02
3.063063e-01 1.031876e+00 9.429934e-01 8.888231e-02
3.073073e-01 1.029458e+00 9.410425e-01 8.841595e-02
3.083083e-01 1.027000e+00 9.390510e-01 8.794947e-02
3.093093e-01 1.024502e+00 9.370199e-01 8.748187e-02
3.103103e-01 1.021963e+00 9.349489e-01 8.701375e-02
3.113113e-01 1.019383e+00 9.328377e-01 8.654543e-02
3.123123e-01 1.016763e+00 9.306867e-01 8.607649e-02
3.133133e-01 1.014103e+00 9.284956e-01 8.560743e-02
3.143143e-01 1.011403e+00 9.262646e-01 8.513820e-02
3.153153e-01 1.008663e+00 9.239940e-01 8.466860e-02
3.163163e-01 1.005882e+00 9.216837e-01 8.419879e-02
3.173173e-01 1.003063e+00 9.193333e-01 8.372925e-02
3.183183e-01 1.000203e+00 9.169431e-01 8.325984e-02
3.193193e-01 9.973037e-01 9.145135e-01 8.279027e-02
3.203203e-01 9.943651e-01 9.120438e-01 8.232136e-02
3.213213e-01 9.913872e-01 9.095352e-01 8.185198e-02
3.223223e-01 9.883700e-01 9.069861e-01 8.138391e-02
3.233233e-01 9.853137e-01 9.043980e-01 8.091573e-02
3.243243e-01 9.822184e-01 9.017704e-01 8.044803e-02
3.253253e-01 9.790843e-01 8.991038e-01 7.998058e-02
3.263263e-01 9.759115e-01 8.963976e-01 7.951391e-02
3.273273e-01 9.727001e-01 8.936529e-01 7.904720e-02
3.283283e-01 9.694501e-01 8.908688e-01 7.858130e-02
3.293293e-01 9.661619e-01 8.880465e-01 7.811537e-02
3.303303e-01 9.628354e-01 8.851851e-01 7.765027e-02
3.313313e-01 9.594708e-01 8.822856e-01 7.718522e-02
3.323323e-01 9.560683e-01 8.793476e-01 7.672073e-02
3.333333e-01 9.526279e-01 8.763714e-01 7.625656e-02
3.343343e-01 9.491499e-01 8.733571e-01 7.579280e-02
3.353353e-01 9.456343e-01 8.703052e-01 7.532916e-02
3.363363e-01 9.420814e-01 8.672153e-01 7.486608e-02
3.373373e-01 9.384911e-01 8.640881e-01 7.440305e-02
3.383383e-01 9.348637e-01 8.609231e-01 7.394068e-02
3.393393e-01 9.311994e-01 8.577204e-01 7.347894e-02
3.403403e-01 9.274982e-01 8.544810e-01 7.301721e-02
3.413413e-01 9.237603e-01 8.512043e-01 7.255603e-02
3.423423e-01 9.199859e-01 8.478906e-01 7.209527e-02
3.433433e-01 9.161751e-01 8.445414e-01 7.163365e-02
3.443443e-01 9.123280e-01 8.411553e-01 7.117273e-02
3.453453e-01 9.084449e-01 8.377333e-01 7.071161e-02
3.463463e-01 9.045258e-01 8.342758e-01 7.024996e-02
3.473473e-01 9.005709e-01 8.307824e-01 6.978853e-02
3.483483e-01 8.965805e-01 8.272533e-01 6.932711e-02
3.493493e-01 8.925545e-01 8.236887e-01 6.886576e-02
3.503504e-01 8.884932e-01 8.200886e-01 6.840468e-02
3.513514e-01 8.843968e-01 8.164539e-01 6.794291e-02
3.523524e-01 8.802655e-01 8.127843e-01 6.748114e-02
3.533534e-01 8.760992e-01 8.090805e-01 6.701870e-02
3.543544e-01 8.718984e-01 8.053424e-01 6.655594e-02
3.553554e-01 8.676630e-01 8.015707e-01 6.609237e-02
3.563564e-01 8.633933e-01 7.977650e-01 6.562839e-02
3.573574e-01 8.590895e-01 7.939247e-01 6.516483e-02
3.583584e-01 8.547517e-01 7.900510e-01 6.470072e-02
3.593594e-01 8.503801e-01 7.861429e-01 6.423719e-02
3.603604e-01 8.459748e-01 7.822012e-01 6.377364e-02
3.613614e-01 8.415361e-01 7.782258e-01 6.331030e-02
3.623624e-01 8.370641e-01 7.742168e-01 6.284729e-02
3.633634e-01 8.325589e-01 7.701743e-01 6.238466e-02
3.643644e-01 8.280209e-01 7.660992e-01 6.192165e-02
3.653654e-01 8.234500e-01 7.619907e-01 6.145932e-02
3.663664e-01 8.188467e-01 7.578489e-01 6.099773e-02
3.673674e-01 8.142109e-01 7.536740e-01 6.053690e-02
3.683684e-01 8.095429e-01 7.494658e-01 6.007711e-02
3.693694e-01 8.048429e-01 7.452244e-01 5.961850e-02
3.703704e-01 8.001110e-01 7.409497e-01 5.916126e-02
3.713714e-01 7.953475e-01 7.366420e-01 5.870550e-02
3.723724e-01 7.905525e-01 7.323020e-01 5.825059e-02
3.733734e-01 7.857263e-01 7.279294e-01 5.779695e-02
3.743744e-01 7.808690e-01 7.235252e-01 5.734382e-02
3.753754e-01 7.759808e-01 7.190890e-01 5.689174e-02
3.763764e-01 7.710619e-01 7.146212e-01 5.644062e-02
3.773774e-01 7.661125e-01 7.101219e-01 5.599060e-02
3.783784e-01 7.611328e-01 7.055913e-01 5.554149e-02
3.793794e-01 7.561229e-01 7.010294e-01 5.509358e-02
3.803804e-01 7.510832e-01 6.964363e-01 5.464686e-02
3.813814e-01 7.460138e-01 6.918126e-01 5.420113e-02
3.823824e-01 7.409148e-01 6.871588e-01 5.375606e-02
3.833834e-01 7.357866e-01 6.824750e-01 5.331159e-02
3.843844e-01 7.306292e-01 6.777619e-01 5.286728e-02
3.853854e-01 7.254429e-01 6.730199e-01 5.242304e-02
3.863864e-01 7.202280e-01 6.682491e-01 5.197884e-02
3.873874e-01 7.149845e-01 6.634502e-01 5.153427e-02
3.883884e-01 7.097128e-01 6.586235e-01 5.108932e-02
3.893894e-01 7.044130e-01 6.537685e-01 5.064449e-02
3.903904e-01 6.990853e-01 6.488862e-01 5.019909e-02
3.913914e-01 6.937300e-01 6.439762e-01 4.975381e-02
3.923924e-01 6.883472e-01 6.390391e-01 4.930810e-02
3.933934e-01 6.829372e-01 6.340756e-01 4.886161e-02
3.943944e-01 6.775002e-01 6.290857e-01 4.841452e-02
3.953954e-01 6.720364e-01 6.240698e-01 4.796655e-02
3.963964e-01 6.665460e-01 6.190286e-01 4.751734e-02
3.973974e-01 6.610292e-01 6.139622e-01 4.706702e-02
3.983984e-01 6.554863e-01 6.088712e-01 4.661512e-02
3.993994e-01 6.499174e-01 6.037552e-01 4.616220e-02
4.004004e-01 6.443229e-01 5.986144e-01 4.570849e-02
4.014014e-01 6.387028e-01 5.934493e-01 4.525355e-02
4.024024e-01 6.330575e-01 5.882602e-01 4.479736e-02
4.034034e-01 6.273872e-01 5.830464e-01 4.434075e-02
4.044044e-01 6.216920e-01 5.778092e-01 4.388287e-02
4.054054e-01 6.159723e-01 5.725482e-01 4.342411e-02
4.064064e-01 6.102281e-01 5.672637e-01 4.296448e-02
4.074074e-01 6.044599e-01 5.619564e-01 4.250347e-02
4.084084e-01 5.986677e-01 5.566260e-01 4.204174e-02
4.094094e-01 5.928518e-01 5.512729e-01 4.157892e-02
4.104104e-01 5.870125e-01 5.458976e-01 4.111493e-02
4.114114e-01 5.811500e-01 5.404999e-01 4.065014e-02
4.124124e-01 5.752645e-01 5.350793e-01 4.018519e-02
4.134134e-01 5.693562e-01 5.296366e-01 3.971965e-02
4.144144e-01 5.634254e-01 5.241714e-01 3.925401e-02
4.154154e-01 5.574723e-01 5.186842e-01 3.878813e-02
4.164164e-01 5.514972e-01 5.131751e-01 3.832207e-02
4.174174e-01 5.455003e-01 5.076439e-01 3.785631e-02
4.184184e-01 5.394817e-01 5.020914e-01 3.739031e-02
4.194194e-01 5.334419e-01 4.965178e-01 3.692401e-02
4.204204e-01 5.273809e-01 4.909232e-01 3.645768e-02
4.214214e-01 5.212990e-01 4.853082e-01 3.599081e-02
4.224224e-01 5.151966e-01 4.796722e-01 3.552443e-02
4.234234e-01 5.090738e-01 4.740160e-01 3.505780e-02
4.244244e-01 5.029308e-01 4.683395e-01 3.459125e-02
4.254254e-01 4.967679e-01 4.626432e-01 3.412468e-02
4.264264e-01 4.905854e-01 4.569268e-01 3.365864e-02
4.274274e-01 4.843835e-01 4.511907e-01 3.319276e-02
4.284284e-01 4.781624e-01 4.454353e-01 3.272704e-02
4.294294e-01 4.719224e-01 4.396608e-01 3.226160e-02
4.304304e-01 4.656637e-01 4.338679e-01 3.179579e-02
4.314314e-01 4.593866e-01 4.280568e-01 3.132983e-02
4.324324e-01 4.530914e-01 4.222276e-01 3.086375e-02
4.334334e-01 4.467782e-01 4.163810e-01 3.039722e-02
4.344344e-01 4.404473e-01 4.105165e-01 2.993080e-02
4.354354e-01 4.340991e-01 4.046348e-01 2.946422e-02
4.364364e-01 4.277336e-01 3.987360e-01 2.899757e-02
4.374374e-01 4.213512e-01 3.928201e-01 2.853117e-02
4.384384e-01 4.149522e-01 3.868871e-01 2.806506e-02
4.394394e-01 4.085367e-01 3.809377e-01 2.759904e-02
4.404404e-01 4.021051e-01 3.749715e-01 2.713361e-02
4.414414e-01 3.956576e-01 3.689890e-01 2.666864e-02
4.424424e-01 3.891944e-01 3.629910e-01 2.620343e-02
4.434434e-01 3.827159e-01 3.569773e-01 2.573858e-02
4.444444e-01 3.762222e-01 3.509482e-01 2.527397e-02
4.454454e-01 3.697136e-01 3.449041e-01 2.480947e-02
4.464464e-01 3.631904e-01 3.388451e-01 2.434528e-02
4.474474e-01 3.566528e-01 3.327714e-01 2.388135e-02
4.484484e-01 3.501011e-01 3.266830e-01 2.341810e-02
4.494494e-01 3.435355e-01 3.205800e-01 2.295557e-02
4.504505e-01 3.369564e-01 3.144624e-01 2.249400e-02
4.514515e-01 3.303640e-01 3.083307e-01 2.203331e-02
4.524525e-01 3.237584e-01 3.021852e-01 2.157326e-02
4.534535e-01 3.171401e-01 2.960259e-01 2.111424e-02
4.544545e-01 3.105092e-01 2.898533e-01 2.065596e-02
4.554555e-01 3.038661e-01 2.836678e-01 2.019827e-02
4.564565e-01 2.972109e-01 2.774701e-01 1.974078e-02
4.574575e-01 2.905440e-01 2.712602e-01 1.928375e-02
4.584585e-01 2.838655e-01 2.650388e-01 1.882677e-02
4.594595e-01 2.771759e-01 2.588058e-01 1.837012e-02
4.604605e-01 2.704752e-01 2.525615e-01 1.791373e-02
4.614615e-01 2.637639e-01 2.463066e-01 1.745737e-02
4.624625e-01 2.570422e-01 2.400409e-01 1.700122e-02
4.634635e-01 2.503102e-01 2.337650e-01 1.654528e-02
4.644645e-01 2.435684e-01 2.274791e-01 1.608936e-02
4.654655e-01 2.368170e-01 2.211835e-01 1.563342e-02
4.664665e-01 2.300561e-01 2.148789e-01 1.517727e-02
4.674675e-01 2.232862e-01 2.085650e-01 1.472119e-02
4.684685e-01 2.165074e-01 2.022427e-01 1.426475e-02
4.694695e-01 2.097201e-01 1.959123e-01 1.380779e-02
4.704705e-01 2.029245e-01 1.895742e-01 1.335032e-02
4.714715e-01 1.961208e-01 1.832287e-01 1.289211e-02
4.724725e-01 1.893094e-01 1.768758e-01 1.243363e-02
4.734735e-01 1.824905e-01 1.705160e-01 1.197454e-02
4.744745e-01 1.756644e-01 1.641492e-01 1.151527e-02
4.754755e-01 1.688314e-01 1.577758e-01 1.105554e-02
4.764765e-01 1.619916e-01 1.513962e-01 1.059546e-02
4.774775e-01 1.551455e-01 1.450102e-01 1.013526e-02
4.784785e-01 1.482932e-01 1.386183e-01 9.674858e-03
4.794795e-01 1.414350e-01 1.322207e-01 9.214310e-03
4.804805e-01 1.345713e-01 1.258177e-01 8.753590e-03
4.814815e-01 1.277022e-01 1.194094e-01 8.292793e-03
4.824825e-01 1.208281e-01 1.129964e-01 7.831653e-03
4.834835e-01 1.139492e-01 1.065786e-01 7.370532e-03
4.844845e-01 1.070658e-01 1.001565e-01 6.909254e-03
4.854855e-01 1.001781e-01 9.373027e-02 6.447854e-03
4.864865e-01 9.328652e-02 8.729991e-02 5.986604e-03
4.874875e-01 8.639122e-02 8.086577e-02 5.525448e-03
4.884885e-01 7.949250e-02 7.442799e-02 5.064511e-03
4.894895e-01 7.259064e-02 6.798685e-02 4.603797e-03
4.904905e-01 6.568591e-02 6.154251e-02 4.143400e-03
4.914915e-01 5.877858e-02 5.509529e-02 3.683296e-03
4.924925e-01 5.186893e-02 4.864547e-02 3.223460e-03
4.934935e-01 4.495722e-02 4.219359e-02 2.763628e-03
4.944945e-01 3.804373e-02 3.573954e-02 2.304193e-03
4.954955e-01 3.112874e-02 2.928409e-02 1.844654e-03
4.964965e-01 2.421252e-02 2.282727e-02 1.385255e-03
4.974975e-01 1.729534e-02 1.636904e-02 9.262982e-04
4.984985e-01 1.037748e-02 9.910077e-03 4.674026e-04
4.994995e-01 3.459205e-03 3.450215e-03 8.990566e-06
5.005005e-01 -3.459205e-03 -3.009886e-03 4.493199e-04
5.015015e-01 -1.037748e-02 -9.470135e-03 9.073445e-04
5.025025e-01 -1.729534e-02 -1.593065e-02 1.364690e-03
5.035035e-01 -2.421252e-02 -2.239069e-02 1.821829e-03
5.045045e-01 -3.112874e-02 -2.884981e-02 2.278934e-03
5.055055e-01 -3.804373e-02 -3.530785e-02 2.735880e-03
5.065065e-01 -4.495722e-02 -4.176429e-02 3.192930e-03
5.075075e-01 -5.186893e-02 -4.821926e-02 3.649663e-03
5.085085e-01 -5.877858e-02 -5.467221e-02 4.106370e-03
5.095095e-01 -6.568591e-02 -6.112289e-02 4.563017e-03
5.105105e-01 -7.259064e-02 -6.757131e-02 5.019331e-03
5.115115e-01 -7.949250e-02 -7.401738e-02 5.475127e-03
5.125125e-01 -8.639122e-02 -8.046046e-02 5.930760e-03
5.135135e-01 -9.328652e-02 -8.690065e-02 6.385865e-03
5.145145e-01 -1.001781e-01 -9.333730e-02 6.840828e-03
5.155155e-01 -1.070658e-01 -9.977067e-02 7.295105e-03
5.165165e-01 -1.139492e-01 -1.061998e-01 7.749379e-03
5.175175e-01 -1.208281e-01 -1.126245e-01 8.203557e-03
5.185185e-01 -1.277022e-01 -1.190445e-01 8.657663e-03
5.195195e-01 -1.345713e-01 -1.254598e-01 9.111427e-03
5.205205e-01 -1.414350e-01 -1.318700e-01 9.564993e-03
5.215215e-01 -1.482932e-01 -1.382747e-01 1.001851e-02
5.225225e-01 -1.551455e-01 -1.446739e-01 1.047152e-02
5.235235e-01 -1.619916e-01 -1.510678e-01 1.092382e-02
5.245245e-01 -1.688314e-01 -1.574556e-01 1.137573e-02
5.255255e-01 -1.756644e-01 -1.638373e-01 1.182717e-02
5.265265e-01 -1.824905e-01 -1.702123e-01 1.227827e-02
5.275275e-01 -1.893094e-01 -1.765802e-01 1.272924e-02
5.285285e-01 -1.961208e-01 -1.829409e-01 1.317994e-02
5.295295e-01 -2.029245e-01 -1.892936e-01 1.363086e-02
5.305305e-01 -2.097201e-01 -1.956384e-01 1.408169e-02
5.315315e-01 -2.165074e-01 -2.019747e-01 1.453269e-02
5.325325e-01 -2.232862e-01 -2.083024e-01 1.498382e-02
5.335335e-01 -2.300561e-01 -2.146209e-01 1.543518e-02
5.345345e-01 -2.368170e-01 -2.209309e-01 1.588608e-02
5.355355e-01 -2.435684e-01 -2.272309e-01 1.633751e-02
5.365365e-01 -2.503102e-01 -2.335213e-01 1.678890e-02
5.375375e-01 -2.570422e-01 -2.398018e-01 1.724034e-02
5.385385e-01 -2.637639e-01 -2.460719e-01 1.769205e-02
5.395395e-01 -2.704752e-01 -2.523311e-01 1.814417e-02
5.405405e-01 -2.771759e-01 -2.585795e-01 1.859637e-02
5.415415e-01 -2.838655e-01 -2.648167e-01 1.904882e-02
5.425425e-01 -2.905440e-01 -2.710416e-01 1.950232e-02
5.435435e-01 -2.972109e-01 -2.772551e-01 1.995583e-02
5.445445e-01 -3.038661e-01 -2.834557e-01 2.041040e-02
5.455455e-01 -3.105092e-01 -2.896443e-01 2.086493e-02
5.465465e-01 -3.171401e-01 -2.958201e-01 2.132005e-02
5.475475e-01 -3.237584e-01 -3.019826e-01 2.177586e-02
5.485485e-01 -3.303640e-01 -3.081324e-01 2.223161e-02
5.495495e-01 -3.369564e-01 -3.142688e-01 2.268765e-02
5.505506e-01 -3.435355e-01 -3.203915e-01 2.314407e-02
5.515516e-01 -3.501011e-01 -3.265007e-01 2.360037e-02
5.525526e-01 -3.566528e-01 -3.325953e-01 2.405749e-02
5.535536e-01 -3.631904e-01 -3.386757e-01 2.451462e-02
5.545546e-01 -3.697136e-01 -3.447413e-01 2.497228e-02
5.555556e-01 -3.762222e-01 -3.507918e-01 2.543035e-02
5.565566e-01 -3.827159e-01 -3.568268e-01 2.588908e-02
5.575576e-01 -3.891944e-01 -3.628461e-01 2.634835e-02
5.585586e-01 -3.956576e-01 -3.688489e-01 2.680868e-02
5.595596e-01 -4.021051e-01 -3.748357e-01 2.726945e-02
5.605606e-01 -4.085367e-01 -3.808059e-01 2.773083e-02
5.615616e-01 -4.149522e-01 -3.867590e-01 2.819315e-02
5.625626e-01 -4.213512e-01 -3.926956e-01 2.865562e-02
5.635636e-01 -4.277336e-01 -3.986152e-01 2.911842e-02
5.645646e-01 -4.340991e-01 -4.045170e-01 2.958206e-02
5.655656e-01 -4.404473e-01 -4.104010e-01 3.004635e-02
5.665666e-01 -4.467782e-01 -4.162672e-01 3.051103e-02
5.675676e-01 -4.530914e-01 -4.221144e-01 3.097700e-02
5.685686e-01 -4.593866e-01 -4.279428e-01 3.144382e-02
5.695696e-01 -4.656637e-01 -4.337521e-01 3.191166e-02
5.705706e-01 -4.719224e-01 -4.395424e-01 3.238004e-02
5.715716e-01 -4.781624e-01 -4.453126e-01 3.284977e-02
5.725726e-01 -4.843835e-01 -4.510632e-01 3.332026e-02
5.735736e-01 -4.905854e-01 -4.567943e-01 3.379114e-02
5.745746e-01 -4.967679e-01 -4.625053e-01 3.426264e-02
5.755756e-01 -5.029308e-01 -4.681967e-01 3.473409e-02
5.765766e-01 -5.090738e-01 -4.738678e-01 3.520598e-02
5.775776e-01 -5.151966e-01 -4.795189e-01 3.567764e-02
5.785786e-01 -5.212990e-01 -4.851492e-01 3.614984e-02
5.795796e-01 -5.273809e-01 -4.907590e-01 3.662192e-02
5.805806e-01 -5.334419e-01 -4.963475e-01 3.709436e-02
5.815816e-01 -5.394817e-01 -5.019148e-01 3.756692e-02
5.825826e-01 -5.455003e-01 -5.074606e-01 3.803966e-02
5.835836e-01 -5.514972e-01 -5.129847e-01 3.851251e-02
5.845846e-01 -5.574723e-01 -5.184869e-01 3.898548e-02
5.855856e-01 -5.634254e-01 -5.239666e-01 3.945887e-02
5.865866e-01 -5.693562e-01 -5.294244e-01 3.993179e-02
5.875876e-01 -5.752645e-01 -5.348598e-01 4.040465e-02
5.885886e-01 -5.811500e-01 -5.402727e-01 4.087729e-02
5.895896e-01 -5.870125e-01 -5.456627e-01 4.134984e-02
5.905906e-01 -5.928518e-01 -5.510299e-01 4.182192e-02
5.915916e-01 -5.986677e-01 -5.563735e-01 4.229416e-02
5.925926e-01 -6.044599e-01 -5.616937e-01 4.276621e-02
5.935936e-01 -6.102281e-01 -5.669900e-01 4.323812e-02
5.945946e-01 -6.159723e-01 -5.722623e-01 4.370998e-02
5.955956e-01 -6.216920e-01 -5.775099e-01 4.418214e-02
5.965966e-01 -6.273872e-01 -5.827335e-01 4.465374e-02
5.975976e-01 -6.330575e-01 -5.879320e-01 4.512555e-02
5.985986e-01 -6.387028e-01 -5.931057e-01 4.559717e-02
5.995996e-01 -6.443229e-01 -5.982540e-01 4.606892e-02
6.006006e-01 -6.499174e-01 -6.033769e-01 4.654057e-02
6.016016e-01 -6.554863e-01 -6.084744e-01 4.701191e-02
6.026026e-01 -6.610292e-01 -6.135466e-01 4.748259e-02
6.036036e-01 -6.665460e-01 -6.185924e-01 4.795358e-02
6.046046e-01 -6.720364e-01 -6.236120e-01 4.842432e-02
6.056056e-01 -6.775002e-01 -6.286050e-01 4.889517e-02
6.066066e-01 -6.829372e-01 -6.335716e-01 4.936557e-02
6.076076e-01 -6.883472e-01 -6.385117e-01 4.983554e-02
6.086086e-01 -6.937300e-01 -6.434249e-01 5.030510e-02
6.096096e-01 -6.990853e-01 -6.483109e-01 5.077439e-02
6.106106e-01 -7.044130e-01 -6.531700e-01 5.124298e-02
6.116116e-01 -7.097128e-01 -6.580019e-01 5.171088e-02
6.126126e-01 -7.149845e-01 -6.628057e-01 5.217884e-02
6.136136e-01 -7.202280e-01 -6.675818e-01 5.264617e-02
6.146146e-01 -7.254429e-01 -6.723299e-01 5.311303e-02
6.156156e-01 -7.306292e-01 -6.770498e-01 5.357944e-02
6.166166e-01 -7.357866e-01 -6.817411e-01 5.404544e-02
6.176176e-01 -7.409148e-01 -6.864036e-01 5.451119e-02
6.186186e-01 -7.460138e-01 -6.910379e-01 5.497588e-02
6.196196e-01 -7.510832e-01 -6.956427e-01 5.544050e-02
6.206206e-01 -7.561229e-01 -7.002186e-01 5.590438e-02
6.216216e-01 -7.611328e-01 -7.047659e-01 5.636684e-02
6.226226e-01 -7.661125e-01 -7.092834e-01 5.682911e-02
6.236236e-01 -7.710619e-01 -7.137717e-01 5.729017e-02
6.246246e-01 -7.759808e-01 -7.182299e-01 5.775088e-02
6.256256e-01 -7.808690e-01 -7.226582e-01 5.821082e-02
6.266266e-01 -7.857263e-01 -7.270554e-01 5.867087e-02
6.276276e-01 -7.905525e-01 -7.314227e-01 5.912987e-02
6.286286e-01 -7.953475e-01 -7.357579e-01 5.958956e-02
6.296296e-01 -8.001110e-01 -7.400627e-01 6.004829e-02
6.306306e-01 -8.048429e-01 -7.443358e-01 6.050709e-02
6.316316e-01 -8.095429e-01 -7.485769e-01 6.096599e-02
6.326326e-01 -8.142109e-01 -7.527868e-01 6.142411e-02
6.336336e-01 -8.188467e-01 -7.569648e-01 6.188185e-02
6.346346e-01 -8.234500e-01 -7.611111e-01 6.233890e-02
6.356356e-01 -8.280209e-01 -7.652251e-01 6.279581e-02
6.366366e-01 -8.325589e-01 -7.693069e-01 6.325203e-02
6.376376e-01 -8.370641e-01 -7.733557e-01 6.370834e-02
6.386386e-01 -8.415361e-01 -7.773712e-01 6.416491e-02
6.396396e-01 -8.459748e-01 -7.813530e-01 6.462181e-02
6.406406e-01 -8.503801e-01 -7.853019e-01 6.507815e-02
6.416416e-01 -8.547517e-01 -7.892163e-01 6.553542e-02
6.426426e-01 -8.590895e-01 -7.930971e-01 6.599238e-02
6.436436e-01 -8.633933e-01 -7.969437e-01 6.644968e-02
6.446446e-01 -8.676630e-01 -8.007560e-01 6.690705e-02
6.456456e-01 -8.718984e-01 -8.045350e-01 6.736335e-02
6.466466e-01 -8.760992e-01 -8.082795e-01 6.781973e-02
6.476476e-01 -8.802655e-01 -8.119892e-01 6.827627e-02
6.486486e-01 -8.843968e-01 -8.156646e-01 6.873219e-02
6.496496e-01 -8.884932e-01 -8.193047e-01 6.918854e-02
6.506507e-01 -8.925545e-01 -8.229098e-01 6.964467e-02
6.516517e-01 -8.965805e-01 -8.264786e-01 7.010186e-02
6.526527e-01 -9.005709e-01 -8.300118e-01 7.055910e-02
6.536537e-01 -9.045258e-01 -8.335086e-01 7.101719e-02
6.546547e-01 -9.084449e-01 -8.369688e-01 7.147610e-02
6.556557e-01 -9.123280e-01 -8.403929e-01 7.193508e-02
6.566567e-01 -9.161751e-01 -8.437808e-01 7.239432e-02
6.576577e-01 -9.199859e-01 -8.471321e-01 7.285380e-02
6.586587e-01 -9.237603e-01 -8.504471e-01 7.331325e-02
6.596597e-01 -9.274982e-01 -8.537248e-01 7.377335e-02
6.606607e-01 -9.311994e-01 -8.569659e-01 7.423348e-02
6.616617e-01 -9.348637e-01 -8.601700e-01 7.469373e-02
6.626627e-01 -9.384911e-01 -8.633357e-01 7.515538e-02
6.636637e-01 -9.420814e-01 -8.664643e-01 7.561710e-02
6.646647e-01 -9.456343e-01 -8.695545e-01 7.607982e-02
6.656657e-01 -9.491499e-01 -8.726072e-01 7.654268e-02
6.666667e-01 -9.526279e-01 -8.756223e-01 7.700567e-02
6.676677e-01 -9.560683e-01 -8.785996e-01 7.746865e-02
6.686687e-01 -9.594708e-01 -8.815396e-01 7.793123e-02
6.696697e-01 -9.628354e-01 -8.844421e-01 7.839330e-02
6.706707e-01 -9.661619e-01 -8.873066e-01 7.885531e-02
6.716717e-01 -9.694501e-01 -8.901330e-01 7.931712e-02
6.726727e-01 -9.727001e-01 -8.929205e-01 7.977957e-02
6.736737e-01 -9.759115e-01 -8.956704e-01 8.024109e-02
6.746747e-01 -9.790843e-01 -8.983809e-01 8.070346e-02
6.756757e-01 -9.822184e-01 -9.010533e-01 8.116513e-02
6.766767e-01 -9.853137e-01 -9.036866e-01 8.162705e-02
6.776777e-01 -9.883700e-01 -9.062816e-01 8.208838e-02
6.786787e-01 -9.913872e-01 -9.088374e-01 8.254971e-02
6.796797e-01 -9.943651e-01 -9.113548e-01 8.301033e-02
6.806807e-01 -9.973037e-01 -9.138330e-01 8.347072e-02
6.816817e-01 -1.000203e+00 -9.162717e-01 8.393123e-02
6.826827e-01 -1.003063e+00 -9.186703e-01 8.439223e-02
6.836837e-01 -1.005882e+00 -9.210294e-01 8.485301e-02
6.846847e-01 -1.008663e+00 -9.233479e-01 8.531465e-02
6.856857e-01 -1.011403e+00 -9.256263e-01 8.577657e-02
6.866867e-01 -1.014103e+00 -9.278636e-01 8.623948e-02
6.876877e-01 -1.016763e+00 -9.300609e-01 8.670233e-02
6.886887e-01 -1.019383e+00 -9.322170e-01 8.716609e-02
6.896897e-01 -1.021963e+00 -9.343327e-01 8.762994e-02
6.906907e-01 -1.024502e+00 -9.364082e-01 8.809366e-02
6.916917e-01 -1.027000e+00 -9.384419e-01 8.855857e-02
6.926927e-01 -1.029458e+00 -9.404354e-01 8.902303e-02
6.936937e-01 -1.031876e+00 -9.423870e-01 8.948872e-02
6.946947e-01 -1.034252e+00 -9.442973e-01 8.995485e-02
6.956957e-01 -1.036588e+00 -9.461666e-01 9.042107e-02
6.966967e-01 -1.038882e+00 -9.479941e-01 9.088813e-02
6.976977e-01 -1.041136e+00 -9.497808e-01 9.135487e-02
6.986987e-01 -1.043348e+00 -9.515258e-01 9.182214e-02
6.996997e-01 -1.045519e+00 -9.532294e-01 9.228951e-02
7.007007e-01 -1.047649e+00 -9.548913e-01 9.275724e-02
7.017017e-01 -1.049737e+00 -9.565126e-01 9.322418e-02
7.027027e-01 -1.051783e+00 -9.580922e-01 9.369120e-02
7.037037e-01 -1.053788e+00 -9.596298e-01 9.415869e-02
7.047047e-01 -1.055752e+00 -9.611262e-01 9.462563e-02
7.057057e-01 -1.057673e+00 -9.625809e-01 9.509252e-02
7.067067e-01 -1.059553e+00 -9.639938e-01 9.555942e-02
7.077077e-01 -1.061391e+00 -9.653653e-01 9.602577e-02
7.087087e-01 -1.063187e+00 -9.666950e-01 9.649198e-02
7.097097e-01 -1.064941e+00 -9.679832e-01 9.695750e-02
7.107107e-01 -1.066652e+00 -9.692297e-01 9.742274e-02
7.117117e-01 -1.068322e+00 -9.704349e-01 9.788702e-02
7.127127e-01 -1.069949e+00 -9.715983e-01 9.835089e-02
7.137137e-01 -1.071534e+00 -9.727203e-01 9.881380e-02
7.147147e-01 -1.073077e+00 -9.738002e-01 9.927641e-02
7.157157e-01 -1.074577e+00 -9.748385e-01 9.973817e-02
7.167167e-01 -1.076034e+00 -9.758347e-01 1.001995e-01
7.177177e-01 -1.077449e+00 -9.767889e-01 1.006604e-01
7.187187e-01 -1.078822e+00 -9.777011e-01 1.011205e-01
7.197197e-01 -1.080151e+00 -9.785718e-01 1.015795e-01
7.207207e-01 -1.081438e+00 -9.794003e-01 1.020380e-01
7.217217e-01 -1.082682e+00 -9.801867e-01 1.024958e-01
7.227227e-01 -1.083884e+00 -9.809312e-01 1.029527e-01
7.237237e-01 -1.085042e+00 -9.816334e-01 1.034089e-01
7.247247e-01 -1.086158e+00 -9.822932e-01 1.038647e-01
7.257257e-01 -1.087231e+00 -9.829109e-01 1.043197e-01
7.267267e-01 -1.088260e+00 -9.834857e-01 1.047744e-01
7.277277e-01 -1.089247e+00 -9.840178e-01 1.052288e-01
7.287287e-01 -1.090190e+00 -9.845078e-01 1.056823e-01
7.297297e-01 -1.091090e+00 -9.849548e-01 1.061356e-01
7.307307e-01 -1.091948e+00 -9.853598e-01 1.065879e-01
7.317317e-01 -1.092762e+00 -9.857215e-01 1.070402e-01
7.327327e-01 -1.093532e+00 -9.860409e-01 1.074914e-01
7.337337e-01 -1.094260e+00 -9.863175e-01 1.079424e-01
7.347347e-01 -1.094944e+00 -9.865509e-01 1.083932e-01
7.357357e-01 -1.095585e+00 -9.867420e-01 1.088430e-01
7.367367e-01 -1.096183e+00 -9.868900e-01 1.092926e-01
7.377377e-01 -1.096737e+00 -9.869949e-01 1.097419e-01
7.387387e-01 -1.097248e+00 -9.870566e-01 1.101910e-01
7.397397e-01 -1.097715e+00 -9.870754e-01 1.106395e-01
7.407407e-01 -1.098139e+00 -9.870514e-01 1.110876e-01
7.417417e-01 -1.098520e+00 -9.869841e-01 1.115354e-01
7.427427e-01 -1.098857e+00 -9.868740e-01 1.119826e-01
7.437437e-01 -1.099150e+00 -9.867203e-01 1.124299e-01
7.447447e-01 -1.099400e+00 -9.865236e-01 1.128768e-01
7.457457e-01 -1.099607e+00 -9.862829e-01 1.133241e-01
7.467467e-01 -1.099770e+00 -9.859991e-01 1.137711e-01
7.477477e-01 -1.099890e+00 -9.856718e-01 1.142181e-01
7.487487e-01 -1.099966e+00 -9.853005e-01 1.146655e-01
7.497497e-01 -1.099999e+00 -9.848856e-01 1.151131e-01
7.507508e-01 -1.099988e+00 -9.844273e-01 1.155604e-01
7.517518e-01 -1.099933e+00 -9.839246e-01 1.160087e-01
7.527528e-01 -1.099835e+00 -9.833784e-01 1.164571e-01
7.537538e-01 -1.099694e+00 -9.827882e-01 1.169059e-01
7.547548e-01 -1.099509e+00 -9.821540e-01 1.173551e-01
7.557558e-01 -1.099281e+00 -9.814757e-01 1.178050e-01
7.567568e-01 -1.099009e+00 -9.807532e-01 1.182557e-01
7.577578e-01 -1.098694e+00 -9.799868e-01 1.187067e-01
7.587588e-01 -1.098335e+00 -9.791764e-01 1.191583e-01
7.597598e-01 -1.097932e+00 -9.783219e-01 1.196105e-01
7.607608e-01 -1.097487e+00 -9.774232e-01 1.200635e-01
7.617618e-01 -1.096998e+00 -9.764816e-01 1.205160e-01
7.627628e-01 -1.096465e+00 -9.754961e-01 1.209690e-01
7.637638e-01 -1.095889e+00 -9.744664e-01 1.214228e-01
7.647648e-01 -1.095270e+00 -9.733931e-01 1.218769e-01
7.657658e-01 -1.094607e+00 -9.722763e-01 1.223311e-01
7.667668e-01 -1.093902e+00 -9.711152e-01 1.227863e-01
7.677678e-01 -1.093152e+00 -9.699112e-01 1.232412e-01
7.687688e-01 -1.092360e+00 -9.686641e-01 1.236960e-01
7.697698e-01 -1.091524e+00 -9.673733e-01 1.241512e-01
7.707708e-01 -1.090646e+00 -9.660398e-01 1.246059e-01
7.717718e-01 -1.089724e+00 -9.646636e-01 1.250602e-01
7.727728e-01 -1.088759e+00 -9.632442e-01 1.255146e-01
7.737738e-01 -1.087751e+00 -9.617822e-01 1.259685e-01
7.747748e-01 -1.086700e+00 -9.602771e-01 1.264225e-01
7.757758e-01 -1.085606e+00 -9.587296e-01 1.268759e-01
7.767768e-01 -1.084468e+00 -9.571394e-01 1.273291e-01
7.777778e-01 -1.083289e+00 -9.555060e-01 1.277826e-01
7.787788e-01 -1.082066e+00 -9.538304e-01 1.282354e-01
7.797798e-01 -1.080800e+00 -9.521117e-01 1.286884e-01
7.807808e-01 -1.079492e+00 -9.503510e-01 1.291408e-01
7.817818e-01 -1.078141e+00 -9.485477e-01 1.295930e-01
7.827828e-01 -1.076747e+00 -9.467027e-01 1.300443e-01
7.837838e-01 -1.075311e+00 -9.448150e-01 1.304957e-01
7.847848e-01 -1.073832e+00 -9.428849e-01 1.309470e-01
7.857858e-01 -1.072311e+00 -9.409122e-01 1.313984e-01
7.867868e-01 -1.070747e+00 -9.388967e-01 1.318503e-01
7.877878e-01 -1.069141e+00 -9.368395e-01 1.323014e-01
7.887888e-01 -1.067492e+00 -9.347386e-01 1.327538e-01
7.897898e-01 -1.065802e+00 -9.325951e-01 1.332067e-01
7.907908e-01 -1.064069e+00 -9.304094e-01 1.336597e-01
7.917918e-01 -1.062294e+00 -9.281814e-01 1.341128e-01
7.927928e-01 -1.060477e+00 -9.259106e-01 1.345668e-01
7.937938e-01 -1.058619e+00 -9.235975e-01 1.350211e-01
7.947948e-01 -1.056718e+00 -9.212424e-01 1.354755e-01
7.957958e-01 -1.054775e+00 -9.188443e-01 1.359310e-01
7.967968e-01 -1.052791e+00 -9.164047e-01 1.363864e-01
7.977978e-01 -1.050765e+00 -9.139221e-01 1.368432e-01
7.987988e-01 -1.048698e+00 -9.113973e-01 1.373005e-01
7.997998e-01 -1.046589e+00 -9.088298e-01 1.377591e-01
8.008008e-01 -1.044439e+00 -9.062209e-01 1.382177e-01
8.018018e-01 -1.042247e+00 -9.035695e-01 1.386775e-01
8.028028e-01 -1.040014e+00 -9.008769e-01 1.391372e-01
8.038038e-01 -1.037740e+00 -8.981420e-01 1.395981e-01
8.048048e-01 -1.035425e+00 -8.953663e-01 1.400587e-01
8.058058e-01 -1.033069e+00 -8.925494e-01 1.405196e-01
8.068068e-01 -1.030672e+00 -8.896915e-01 1.409807e-01
8.078078e-01 -1.028235e+00 -8.867922e-01 1.414423e-01
8.088088e-01 -1.025756e+00 -8.838521e-01 1.419041e-01
8.098098e-01 -1.023237e+00 -8.808709e-01 1.423664e-01
8.108108e-01 -1.020678e+00 -8.778492e-01 1.428287e-01
8.118118e-01 -1.018078e+00 -8.747865e-01 1.432917e-01
8.128128e-01 -1.015438e+00 -8.716832e-01 1.437549e-01
8.138138e-01 -1.012758e+00 -8.685396e-01 1.442184e-01
8.148148e-01 -1.010038e+00 -8.653557e-01 1.446820e-01
8.158158e-01 -1.007278e+00 -8.621324e-01 1.451451e-01
8.168168e-01 -1.004477e+00 -8.588692e-01 1.456083e-01
8.178178e-01 -1.001638e+00 -8.555660e-01 1.460716e-01
8.188188e-01 -9.987583e-01 -8.522240e-01 1.465343e-01
8.198198e-01 -9.958393e-01 -8.488427e-01 1.469966e-01
8.208208e-01 -9.928810e-01 -8.454219e-01 1.474591e-01
8.218218e-01 -9.898835e-01 -8.419614e-01 1.479221e-01
8.228228e-01 -9.868467e-01 -8.384624e-01 1.483844e-01
8.238238e-01 -9.837709e-01 -8.349245e-01 1.488465e-01
8.248248e-01 -9.806562e-01 -8.313475e-01 1.493088e-01
8.258258e-01 -9.775028e-01 -8.277328e-01 1.497700e-01
8.268268e-01 -9.743106e-01 -8.240800e-01 1.502306e-01
8.278278e-01 -9.710799e-01 -8.203889e-01 1.506910e-01
8.288288e-01 -9.678108e-01 -8.166608e-01 1.511500e-01
8.298298e-01 -9.645034e-01 -8.128949e-01 1.516085e-01
8.308308e-01 -9.611579e-01 -8.090917e-01 1.520662e-01
8.318318e-01 -9.577743e-01 -8.052506e-01 1.525236e-01
8.328328e-01 -9.543528e-01 -8.013726e-01 1.529802e-01
8.338338e-01 -9.508936e-01 -7.974576e-01 1.534361e-01
8.348348e-01 -9.473968e-01 -7.935052e-01 1.538916e-01
8.358358e-01 -9.438625e-01 -7.895156e-01 1.543469e-01
8.368368e-01 -9.402909e-01 -7.854894e-01 1.548014e-01
8.378378e-01 -9.366821e-01 -7.814267e-01 1.552554e-01
8.388388e-01 -9.330362e-01 -7.773273e-01 1.557089e-01
8.398398e-01 -9.293534e-01 -7.731916e-01 1.561618e-01
8.408408e-01 -9.256338e-01 -7.690206e-01 1.566133e-01
8.418418e-01 -9.218777e-01 -7.648127e-01 1.570650e-01
8.428428e-01 -9.180850e-01 -7.605696e-01 1.575155e-01
8.438438e-01 -9.142561e-01 -7.562920e-01 1.579641e-01
8.448448e-01 -9.103910e-01 -7.519774e-01 1.584135e-01
8.458458e-01 -9.064898e-01 -7.476282e-01 1.588616e-01
8.468468e-01 -9.025528e-01 -7.432437e-01 1.593091e-01
8.478478e-01 -8.985801e-01 -7.388231e-01 1.597571e-01
8.488488e-01 -8.945719e-01 -7.343680e-01 1.602039e-01
8.498498e-01 -8.905283e-01 -7.298777e-01 1.606506e-01
8.508509e-01 -8.864494e-01 -7.253523e-01 1.610971e-01
8.518519e-01 -8.823355e-01 -7.207924e-01 1.615431e-01
8.528529e-01 -8.781867e-01 -7.161983e-01 1.619884e-01
8.538539e-01 -8.740031e-01 -7.115705e-01 1.624326e-01
8.548549e-01 -8.697850e-01 -7.069081e-01 1.628769e-01
8.558559e-01 -8.655325e-01 -7.022114e-01 1.633211e-01
8.568569e-01 -8.612457e-01 -6.974815e-01 1.637642e-01
8.578579e-01 -8.569248e-01 -6.927176e-01 1.642073e-01
8.588589e-01 -8.525701e-01 -6.879201e-01 1.646500e-01
8.598599e-01 -8.481816e-01 -6.830883e-01 1.650933e-01
8.608609e-01 -8.437596e-01 -6.782236e-01 1.655360e-01
8.618619e-01 -8.393042e-01 -6.733248e-01 1.659794e-01
8.628629e-01 -8.348156e-01 -6.683924e-01 1.664232e-01
8.638639e-01 -8.302940e-01 -6.634270e-01 1.668670e-01
8.648649e-01 -8.257395e-01 -6.584280e-01 1.673116e-01
8.658659e-01 -8.211524e-01 -6.533965e-01 1.677559e-01
8.668669e-01 -8.165328e-01 -6.483316e-01 1.682012e-01
8.678679e-01 -8.118809e-01 -6.432347e-01 1.686462e-01
8.688689e-01 -8.071969e-01 -6.381056e-01 1.690912e-01
8.698699e-01 -8.024809e-01 -6.329442e-01 1.695367e-01
8.708709e-01 -7.977332e-01 -6.277512e-01 1.699820e-01
8.718719e-01 -7.929539e-01 -6.225259e-01 1.704280e-01
8.728729e-01 -7.881433e-01 -6.172692e-01 1.708742e-01
8.738739e-01 -7.833015e-01 -6.119808e-01 1.713207e-01
8.748749e-01 -7.784287e-01 -6.066606e-01 1.717681e-01
8.758759e-01 -7.735251e-01 -6.013088e-01 1.722163e-01
8.768769e-01 -7.685910e-01 -5.959259e-01 1.726650e-01
8.778779e-01 -7.636264e-01 -5.905116e-01 1.731148e-01
8.788789e-01 -7.586316e-01 -5.850673e-01 1.735643e-01
8.798799e-01 -7.536068e-01 -5.795923e-01 1.740145e-01
8.808809e-01 -7.485522e-01 -5.740877e-01 1.744645e-01
8.818819e-01 -7.434680e-01 -5.685537e-01 1.749143e-01
8.828829e-01 -7.383543e-01 -5.629898e-01 1.753646e-01
8.838839e-01 -7.332115e-01 -5.573962e-01 1.758153e-01
8.848849e-01 -7.280397e-01 -5.517737e-01 1.762660e-01
8.858859e-01 -7.228390e-01 -5.461211e-01 1.767179e-01
8.868869e-01 -7.176098e-01 -5.404401e-01 1.771696e-01
8.878879e-01 -7.123522e-01 -5.347296e-01 1.776226e-01
8.888889e-01 -7.070664e-01 -5.289907e-01 1.780756e-01
8.898899e-01 -7.017526e-01 -5.232238e-01 1.785288e-01
8.908909e-01 -6.964111e-01 -5.174286e-01 1.789824e-01
8.918919e-01 -6.910420e-01 -5.116070e-01 1.794350e-01
8.928929e-01 -6.856456e-01 -5.057583e-01 1.798873e-01
8.938939e-01 -6.802221e-01 -4.998823e-01 1.803397e-01
8.948949e-01 -6.747716e-01 -4.939805e-01 1.807911e-01
8.958959e-01 -6.692945e-01 -4.880515e-01 1.812429e-01
8.968969e-01 -6.637909e-01 -4.820966e-01 1.816943e-01
8.978979e-01 -6.582610e-01 -4.761158e-01 1.821452e-01
8.988989e-01 -6.527051e-01 -4.701079e-01 1.825972e-01
8.998999e-01 -6.471234e-01 -4.640744e-01 1.830489e-01
9.009009e-01 -6.415160e-01 -4.580159e-01 1.835001e-01
9.019019e-01 -6.358833e-01 -4.519318e-01 1.839515e-01
9.029029e-01 -6.302255e-01 -4.458236e-01 1.844019e-01
9.039039e-01 -6.245427e-01 -4.396902e-01 1.848525e-01
9.049049e-01 -6.188352e-01 -4.335325e-01 1.853027e-01
9.059059e-01 -6.131032e-01 -4.273512e-01 1.857521e-01
9.069069e-01 -6.073470e-01 -4.211444e-01 1.862026e-01
9.079079e-01 -6.015668e-01 -4.149138e-01 1.866530e-01
9.089089e-01 -5.957627e-01 -4.086586e-01 1.871041e-01
9.099099e-01 -5.899351e-01 -4.023790e-01 1.875561e-01
9.109109e-01 -5.840842e-01 -3.960756e-01 1.880086e-01
9.119119e-01 -5.782101e-01 -3.897484e-01 1.884617e-01
9.129129e-01 -5.723132e-01 -3.833978e-01 1.889154e-01
9.139139e-01 -5.663936e-01 -3.770242e-01 1.893694e-01
9.149149e-01 -5.604517e-01 -3.706284e-01 1.898232e-01
9.159159e-01 -5.544875e-01 -3.642091e-01 1.902784e-01
9.169169e-01 -5.485014e-01 -3.577681e-01 1.907334e-01
9.179179e-01 -5.424937e-01 -3.513052e-01 1.911885e-01
9.189189e-01 -5.364644e-01 -3.448194e-01 1.916451e-01
9.199199e-01 -5.304140e-01 -3.383120e-01 1.921020e-01
9.209209e-01 -5.243426e-01 -3.317828e-01 1.925598e-01
9.219219e-01 -5.182504e-01 -3.252314e-01 1.930190e-01
9.229229e-01 -5.121377e-01 -3.186598e-01 1.934779e-01
9.239239e-01 -5.060048e-01 -3.120672e-01 1.939376e-01
9.249249e-01 -4.998518e-01 -3.054538e-01 1.943980e-01
9.259259e-01 -4.936791e-01 -2.988209e-01 1.948582e-01
9.269269e-01 -4.874868e-01 -2.921676e-01 1.953192e-01
9.279279e-01 -4.812753e-01 -2.854957e-01 1.957796e-01
9.289289e-01 -4.750447e-01 -2.788039e-01 1.962409e-01
9.299299e-01 -4.687954e-01 -2.720926e-01 1.967027e-01
9.309309e-01 -4.625275e-01 -2.653625e-01 1.971650e-01
9.319319e-01 -4.562413e-01 -2.586135e-01 1.976277e-01
9.329329e-01 -4.499370e-01 -2.518460e-01 1.980910e-01
9.339339e-01 -4.436150e-01 -2.450594e-01 1.985556e-01
9.349349e-01 -4.372754e-01 -2.382552e-01 1.990202e-01
9.359359e-01 -4.309185e-01 -2.314338e-01 1.994846e-01
9.369369e-01 -4.245445e-01 -2.245948e-01 1.999497e-01
9.379379e-01 -4.181538e-01 -2.177396e-01 2.004141e-01
9.389389e-01 -4.117465e-01 -2.108676e-01 2.008789e-01
9.399399e-01 -4.053229e-01 -2.039794e-01 2.013436e-01
9.409409e-01 -3.988833e-01 -1.970759e-01 2.018074e-01
9.419419e-01 -3.924280e-01 -1.901559e-01 2.022721e-01
9.429429e-01 -3.859571e-01 -1.832201e-01 2.027370e-01
9.439439e-01 -3.794709e-01 -1.762688e-01 2.032021e-01
9.449449e-01 -3.729697e-01 -1.693023e-01 2.036674e-01
9.459459e-01 -3.664538e-01 -1.623210e-01 2.041328e-01
9.469469e-01 -3.599233e-01 -1.553240e-01 2.045994e-01
9.479479e-01 -3.533787e-01 -1.483134e-01 2.050653e-01
9.489489e-01 -3.468200e-01 -1.412888e-01 2.055313e-01
9.499499e-01 -3.402477e-01 -1.342509e-01 2.059967e-01
9.509510e-01 -3.336618e-01 -1.271999e-01 2.064619e-01
9.519520e-01 -3.270628e-01 -1.201363e-01 2.069265e-01
9.529530e-01 -3.204509e-01 -1.130594e-01 2.073915e-01
9.539540e-01 -3.138262e-01 -1.059704e-01 2.078558e-01
9.549550e-01 -3.071892e-01 -9.886867e-02 2.083205e-01
9.559560e-01 -3.005400e-01 -9.175414e-02 2.087858e-01
9.569570e-01 -2.938789e-01 -8.462745e-02 2.092514e-01
9.579580e-01 -2.872062e-01 -7.748893e-02 2.097172e-01
9.589590e-01 -2.805221e-01 -7.033902e-02 2.101831e-01
9.599600e-01 -2.738269e-01 -6.317839e-02 2.106485e-01
9.609610e-01 -2.671209e-01 -5.600631e-02 2.111146e-01
9.619620e-01 -2.604043e-01 -4.882604e-02 2.115783e-01
9.629630e-01 -2.536775e-01 -4.163504e-02 2.120424e-01
9.639640e-01 -2.469405e-01 -3.443539e-02 2.125052e-01
9.649650e-01 -2.401939e-01 -2.722636e-02 2.129675e-01
9.659660e-01 -2.334377e-01 -2.000809e-02 2.134296e-01
9.669670e-01 -2.266723e-01 -1.278061e-02 2.138917e-01
9.679680e-01 -2.198979e-01 -5.544424e-03 2.143535e-01
9.689690e-01 -2.131148e-01 1.700163e-03 2.148150e-01
9.699700e-01 -2.063233e-01 8.952618e-03 2.152759e-01
9.709710e-01 -1.995236e-01 1.621327e-02 2.157369e-01
9.719720e-01 -1.927161e-01 2.348006e-02 2.161961e-01
9.729730e-01 -1.859009e-01 3.075361e-02 2.166545e-01
9.739740e-01 -1.790784e-01 3.803360e-02 2.171120e-01
9.749750e-01 -1.722487e-01 4.531875e-02 2.175675e-01
9.759760e-01 -1.654123e-01 5.261081e-02 2.180231e-01
9.769770e-01 -1.585693e-01 5.990896e-02 2.184783e-01
9.779780e-01 -1.517201e-01 6.721255e-02 2.189326e-01
9.789790e-01 -1.448648e-01 7.452163e-02 2.193864e-01
9.799800e-01 -1.380038e-01 8.183646e-02 2.198403e-01
9.809810e-01 -1.311374e-01 8.915767e-02 2.202951e-01
9.819820e-01 -1.242658e-01 9.648341e-02 2.207492e-01
9.829830e-01 -1.173892e-01 1.038140e-01 2.212032e-01
9.839840e-01 -1.105080e-01 1.111485e-01 2.216565e-01
9.849850e-01 -1.036225e-01 1.184871e-01 2.221096e-01
9.859860e-01 -9.673280e-02 1.258303e-01 2.225631e-01
9.869870e-01 -8.983931e-02 1.331770e-01 2.230163e-01
9.879880e-01 -8.294227e-02 1.405285e-01 2.234708e-01
9.889890e-01 -7.604195e-02 1.478829e-01 2.239248e-01
9.899900e-01 -6.913862e-02 1.552420e-01 2.243806e-01
9.909910e-01 -6.223255e-02 1.626050e-01 2.248375e-01
9.919920e-01 -5.532403e-02 1.699715e-01 2.252955e-01
9.929930e-01 -4.841331e-02 1.773404e-01 2.257538e-01
9.939940e-01 -4.150068e-02 1.847119e-01 2.262126e-01
9.949950e-01 -3.458641e-02 1.920843e-01 2.266707e-01
9.959960e-01 -2.767077e-02 1.994583e-01 2.271291e-01
9.969970e-01 -2.075404e-02 2.068329e-01 2.275869e-01
9.979980e-01 -1.383648e-02 2.142086e-01 2.280451e-01
9.989990e-01 -6.918377e-03 2.215871e-01 2.285055e-01
1.000000e+00 -2.694223e-16 2.289644e-01 2.289644e-01
