# x  u_exact  u_pred  abs_error
0.000000e+00 0.000000e+00 1.152158e-04 1.152158e-04
1.001001e-03 6.918377e-03 7.035971e-03 1.175940e-04
2.002002e-03 1.383648e-02 1.395589e-02 1.194115e-04
3.003003e-03 2.075404e-02 2.087545e-02 1.214187e-04
4.004004e-03 2.767077e-02 2.779478e-02 1.240084e-04
5.005005e-03 3.458641e-02 3.471267e-02 1.262622e-04
6.006006e-03 4.150068e-02 4.162979e-02 1.291093e-04
7.007007e-03 4.841331e-02 4.854560e-02 1.322868e-04
8.008008e-03 5.532403e-02 5.545932e-02 1.352931e-04
9.009009e-03 6.223255e-02 6.237090e-02 1.383422e-04
1.001001e-02 6.913862e-02 6.928015e-02 1.415285e-04
1.101101e-02 7.604195e-02 7.618636e-02 1.444099e-04
1.201201e-02 8.294227e-02 8.308965e-02 1.473786e-04
1.301301e-02 8.983931e-02 8.998972e-02 1.504097e-04
1.401401e-02 9.673280e-02 9.688586e-02 1.530607e-04
1.501502e-02 1.036225e-01 1.037791e-01 1.566772e-04
1.601602e-02 1.105080e-01 1.106679e-01 1.598627e-04
1.701702e-02 1.173892e-01 1.175523e-01 1.631281e-04
1.801802e-02 1.242658e-01 1.244321e-01 1.663880e-04
1.901902e-02 1.311374e-01 1.313074e-01 1.700335e-04
2.002002e-02 1.380038e-01 1.381770e-01 1.731444e-04
2.102102e-02 1.448648e-01 1.450412e-01 1.763500e-04
2.202202e-02 1.517201e-01 1.518995e-01 1.794448e-04
2.302302e-02 1.585693e-01 1.587512e-01 1.818655e-04
2.402402e-02 1.654123e-01 1.655969e-01 1.845984e-04
2.502503e-02 1.722487e-01 1.724364e-01 1.876756e-04
2.602603e-02 1.790784e-01 1.792687e-01 1.902948e-04
2.702703e-02 1.859009e-01 1.860945e-01 1.935605e-04
2.802803e-02 1.927161e-01 1.929125e-01 1.964314e-04
2.902903e-02 1.995236e-01 1.997232e-01 1.995346e-04
3.003003e-02 2.063233e-01 2.065257e-01 2.024243e-04
3.103103e-02 2.131148e-01 2.133206e-01 2.057269e-04
3.203203e-02 2.198979e-01 2.201061e-01 2.081615e-04
3.303303e-02 2.266723e-01 2.268831e-01 2.108308e-04
3.403403e-02 2.334377e-01 2.336513e-01 2.136452e-04
3.503504e-02 2.401939e-01 2.404105e-01 2.166339e-04
3.603604e-02 2.469405e-01 2.471600e-01 2.194680e-04
3.703704e-02 2.536775e-01 2.538996e-01 2.221761e-04
3.803804e-02 2.604043e-01 2.606296e-01 2.252630e-04
3.903904e-02 2.671209e-01 2.673488e-01 2.279220e-04
4.004004e-02 2.738269e-01 2.740580e-01 2.311340e-04
4.104104e-02 2.805221e-01 2.807562e-01 2.340915e-04
4.204204e-02 2.872062e-01 2.874430e-01 2.368207e-04
4.304304e-02 2.938789e-01 2.941193e-01 2.404207e-04
4.404404e-02 3.005400e-01 3.007831e-01 2.431288e-04
4.504505e-02 3.071892e-01 3.074355e-01 2.462813e-04
4.604605e-02 3.138262e-01 3.140748e-01 2.485916e-04
4.704705e-02 3.204509e-01 3.207025e-01 2.516336e-04
4.804805e-02 3.270628e-01 3.273169e-01 2.541195e-04
4.904905e-02 3.336618e-01 3.339184e-01 2.565493e-04
5.005005e-02 3.402477e-01 3.405067e-01 2.590649e-04
5.105105e-02 3.468200e-01 3.470810e-01 2.609731e-04
5.205205e-02 3.533787e-01 3.536417e-01 2.630108e-04
5.305305e-02 3.599233e-01 3.601884e-01 2.650796e-04
5.405405e-02 3.664538e-01 3.667206e-01 2.668426e-04
5.505506e-02 3.729697e-01 3.732379e-01 2.682003e-04
5.605606e-02 3.794709e-01 3.797402e-01 2.692914e-04
5.705706e-02 3.859571e-01 3.862273e-01 2.702538e-04
5.805806e-02 3.924280e-01 3.926988e-01 2.708672e-04
5.905906e-02 3.988833e-01 3.991545e-01 2.711491e-04
6.006006e-02 4.053229e-01 4.055942e-01 2.712358e-04
6.106106e-02 4.117465e-01 4.120176e-01 2.711435e-04
6.206206e-02 4.181538e-01 4.184240e-01 2.701727e-04
6.306306e-02 4.245445e-01 4.248149e-01 2.703650e-04
6.406406e-02 4.309185e-01 4.311875e-01 2.689929e-04
6.506507e-02 4.372754e-01 4.375433e-01 2.679775e-04
6.606607e-02 4.436150e-01 4.438826e-01 2.676894e-04
6.706707e-02 4.499370e-01 4.502042e-01 2.671875e-04
6.806807e-02 4.562413e-01 4.565075e-01 2.662448e-04
6.906907e-02 4.625275e-01 4.627932e-01 2.657068e-04
7.007007e-02 4.687954e-01 4.690601e-01 2.647494e-04
7.107107e-02 4.750447e-01 4.753087e-01 2.639780e-04
7.207207e-02 4.812753e-01 4.815385e-01 2.631631e-04
7.307307e-02 4.874868e-01 4.877487e-01 2.618358e-04
7.407407e-02 4.936791e-01 4.939403e-01 2.611956e-04
7.507508e-02 4.998518e-01 5.001121e-01 2.602952e-04
7.607608e-02 5.060048e-01 5.062649e-01 2.600943e-04
7.707708e-02 5.121377e-01 5.123975e-01 2.597631e-04
7.807808e-02 5.182504e-01 5.185103e-01 2.599020e-04
7.907908e-02 5.243426e-01 5.246021e-01 2.595608e-04
8.008008e-02 5.304140e-01 5.306734e-01 2.594571e-04
8.108108e-02 5.364644e-01 5.367237e-01 2.592351e-04
8.208208e-02 5.424937e-01 5.427532e-01 2.594919e-04
8.308308e-02 5.485014e-01 5.487610e-01 2.595122e-04
8.408408e-02 5.544875e-01 5.547479e-01 2.603681e-04
8.508509e-02 5.604517e-01 5.607120e-01 2.603892e-04
8.608609e-02 5.663936e-01 5.666558e-01 2.621954e-04
8.708709e-02 5.723132e-01 5.725771e-01 2.638761e-04
8.808809e-02 5.782101e-01 5.784764e-01 2.662615e-04
8.908909e-02 5.840842e-01 5.843534e-01 2.692272e-04
9.009009e-02 5.899351e-01 5.902073e-01 2.721712e-04
9.109109e-02 5.957627e-01 5.960383e-01 2.755632e-04
9.209209e-02 6.015668e-01 6.018457e-01 2.789186e-04
9.309309e-02 6.073470e-01 6.076294e-01 2.823478e-04
9.409409e-02 6.131032e-01 6.133893e-01 2.860793e-04
9.509510e-02 6.188352e-01 6.191249e-01 2.897449e-04
9.609610e-02 6.245427e-01 6.248371e-01 2.944058e-04
9.709710e-02 6.302255e-01 6.305242e-01 2.987380e-04
9.809810e-02 6.358833e-01 6.361867e-01 3.033239e-04
9.909910e-02 6.415160e-01 6.418242e-01 3.081489e-04
1.001001e-01 6.471234e-01 6.474364e-01 3.130783e-04
1.011011e-01 6.527051e-01 6.530225e-01 3.173801e-04
1.021021e-01 6.582610e-01 6.585816e-01 3.205599e-04
1.031031e-01 6.637909e-01 6.641147e-01 3.237911e-04
1.041041e-01 6.692945e-01 6.696212e-01 3.266965e-04
1.051051e-01 6.747716e-01 6.751003e-01 3.286592e-04
1.061061e-01 6.802221e-01 6.805523e-01 3.302537e-04
1.071071e-01 6.856456e-01 6.859772e-01 3.315762e-04
1.081081e-01 6.910420e-01 6.913750e-01 3.329605e-04
1.091091e-01 6.964111e-01 6.967455e-01 3.343817e-04
1.101101e-01 7.017526e-01 7.020872e-01 3.346217e-04
1.111111e-01 7.070664e-01 7.074015e-01 3.350838e-04
1.121121e-01 7.123522e-01 7.126876e-01 3.353822e-04
1.131131e-01 7.176098e-01 7.179443e-01 3.345338e-04
1.141141e-01 7.228390e-01 7.231727e-01 3.337005e-04
1.151151e-01 7.280397e-01 7.283725e-01 3.328504e-04
1.161161e-01 7.332115e-01 7.335431e-01 3.315935e-04
1.171171e-01 7.383543e-01 7.386850e-01 3.306110e-04
1.181181e-01 7.434680e-01 7.437974e-01 3.293912e-04
1.191191e-01 7.485522e-01 7.488814e-01 3.292091e-04
1.201201e-01 7.536068e-01 7.539352e-01 3.283587e-04
1.211211e-01 7.586316e-01 7.589591e-01 3.275167e-04
1.221221e-01 7.636264e-01 7.639535e-01 3.271202e-04
1.231231e-01 7.685910e-01 7.689168e-01 3.258171e-04
1.241241e-01 7.735251e-01 7.738497e-01 3.245191e-04
1.251251e-01 7.784287e-01 7.787521e-01 3.234214e-04
1.261261e-01 7.833015e-01 7.836232e-01 3.216450e-04
1.271271e-01 7.881433e-01 7.884635e-01 3.202171e-04
1.281281e-01 7.929539e-01 7.932730e-01 3.190909e-04
1.291291e-01 7.977332e-01 7.980511e-01 3.178606e-04
1.301301e-01 8.024809e-01 8.027982e-01 3.173113e-04
1.311311e-01 8.071969e-01 8.075137e-01 3.167964e-04
1.321321e-01 8.118809e-01 8.121971e-01 3.162640e-04
1.331331e-01 8.165328e-01 8.168491e-01 3.162570e-04
1.341341e-01 8.211524e-01 8.214688e-01 3.163633e-04
1.351351e-01 8.257395e-01 8.260562e-01 3.166466e-04
1.361361e-01 8.302940e-01 8.306102e-01 3.162153e-04
1.371371e-01 8.348156e-01 8.351317e-01 3.160842e-04
1.381381e-01 8.393042e-01 8.396209e-01 3.166704e-04
1.391391e-01 8.437596e-01 8.440772e-01 3.175556e-04
1.401401e-01 8.481816e-01 8.485001e-01 3.184390e-04
1.411411e-01 8.525701e-01 8.528896e-01 3.194956e-04
1.421421e-01 8.569248e-01 8.572454e-01 3.205415e-04
1.431431e-01 8.612457e-01 8.615674e-01 3.217488e-04
1.441441e-01 8.655325e-01 8.658560e-01 3.235269e-04
1.451451e-01 8.697850e-01 8.701090e-01 3.240189e-04
1.461461e-01 8.740031e-01 8.743277e-01 3.245849e-04
1.471471e-01 8.781867e-01 8.785114e-01 3.246767e-04
1.481481e-01 8.823355e-01 8.826604e-01 3.249365e-04
1.491491e-01 8.864494e-01 8.867733e-01 3.238596e-04
1.501502e-01 8.905283e-01 8.908517e-01 3.233968e-04
1.511512e-01 8.945719e-01 8.948941e-01 3.221597e-04
1.521522e-01 8.985801e-01 8.989003e-01 3.201892e-04
1.531532e-01 9.025528e-01 9.028714e-01 3.185973e-04
1.541542e-01 9.064898e-01 9.068063e-01 3.164684e-04
1.551552e-01 9.103910e-01 9.107049e-01 3.139583e-04
1.561562e-01 9.142561e-01 9.145681e-01 3.120557e-04
1.571572e-01 9.180850e-01 9.183934e-01 3.084100e-04
1.581582e-01 9.218777e-01 9.221833e-01 3.056763e-04
1.591592e-01 9.256338e-01 9.259359e-01 3.020970e-04
1.601602e-01 9.293534e-01 9.296520e-01 2.986554e-04
1.611612e-01 9.330362e-01 9.333311e-01 2.949024e-04
1.621622e-01 9.366821e-01 9.369740e-01 2.919375e-04
1.631632e-01 9.402909e-01 9.405794e-01 2.884743e-04
1.641642e-01 9.438625e-01 9.441481e-01 2.856093e-04
1.651652e-01 9.473968e-01 9.476798e-01 2.830069e-04
1.661662e-01 9.508936e-01 9.511752e-01 2.815222e-04
1.671672e-01 9.543528e-01 9.546325e-01 2.796246e-04
1.681682e-01 9.577743e-01 9.580527e-01 2.784046e-04
1.691692e-01 9.611579e-01 9.614345e-01 2.766862e-04
1.701702e-01 9.645034e-01 9.647787e-01 2.753186e-04
1.711712e-01 9.678108e-01 9.680853e-01 2.745532e-04
1.721722e-01 9.710799e-01 9.713542e-01 2.742825e-04
1.731732e-01 9.743106e-01 9.745855e-01 2.748743e-04
1.741742e-01 9.775028e-01 9.777784e-01 2.756218e-04
1.751752e-01 9.806562e-01 9.809332e-01 2.770090e-04
1.761762e-01 9.837709e-01 9.840503e-01 2.793991e-04
1.771772e-01 9.868467e-01 9.871278e-01 2.811270e-04
1.781782e-01 9.898835e-01 9.901670e-01 2.835066e-04
1.791792e-01 9.928810e-01 9.931671e-01 2.860619e-04
1.801802e-01 9.958393e-01 9.961274e-01 2.880771e-04
1.811812e-01 9.987583e-01 9.990489e-01 2.906228e-04
1.821822e-01 1.001638e+00 1.001930e+00 2.928013e-04
1.831832e-01 1.004477e+00 1.004773e+00 2.954416e-04
1.841842e-01 1.007278e+00 1.007576e+00 2.980006e-04
1.851852e-01 1.010038e+00 1.010339e+00 3.015425e-04
1.861862e-01 1.012758e+00 1.013063e+00 3.049846e-04
1.871872e-01 1.015438e+00 1.015746e+00 3.081959e-04
1.881882e-01 1.018078e+00 1.018390e+00 3.122363e-04
1.891892e-01 1.020678e+00 1.020993e+00 3.155411e-04
1.901902e-01 1.023237e+00 1.023556e+00 3.186901e-04
1.911912e-01 1.025756e+00 1.026078e+00 3.220230e-04
1.921922e-01 1.028235e+00 1.028558e+00 3.239703e-04
1.931932e-01 1.030672e+00 1.030998e+00 3.262992e-04
1.941942e-01 1.033069e+00 1.033398e+00 3.286292e-04
1.951952e-01 1.035425e+00 1.035756e+00 3.312935e-04
1.961962e-01 1.037740e+00 1.038074e+00 3.339085e-04
1.971972e-01 1.040014e+00 1.040351e+00 3.370426e-04
1.981982e-01 1.042247e+00 1.042587e+00 3.398320e-04
1.991992e-01 1.044439e+00 1.044781e+00 3.426036e-04
2.002002e-01 1.046589e+00 1.046934e+00 3.449672e-04
2.012012e-01 1.048698e+00 1.049044e+00 3.465310e-04
2.022022e-01 1.050765e+00 1.051114e+00 3.483321e-04
2.032032e-01 1.052791e+00 1.053140e+00 3.490218e-04
2.042042e-01 1.054775e+00 1.055125e+00 3.501107e-04
2.052052e-01 1.056718e+00 1.057069e+00 3.512005e-04
2.062062e-01 1.058619e+00 1.058971e+00 3.526065e-04
2.072072e-01 1.060477e+00 1.060832e+00 3.541653e-04
2.082082e-01 1.062294e+00 1.062649e+00 3.549969e-04
2.092092e-01 1.064069e+00 1.064425e+00 3.563652e-04
2.102102e-01 1.065802e+00 1.066159e+00 3.571484e-04
2.112112e-01 1.067492e+00 1.067850e+00 3.571765e-04
2.122122e-01 1.069141e+00 1.069498e+00 3.567549e-04
2.132132e-01 1.070747e+00 1.071104e+00 3.566640e-04
2.142142e-01 1.072311e+00 1.072666e+00 3.555369e-04
2.152152e-01 1.073832e+00 1.074187e+00 3.553427e-04
2.162162e-01 1.075311e+00 1.075665e+00 3.547111e-04
2.172172e-01 1.076747e+00 1.077102e+00 3.551311e-04
2.182182e-01 1.078141e+00 1.078496e+00 3.549907e-04
2.192192e-01 1.079492e+00 1.079846e+00 3.543449e-04
2.202202e-01 1.080800e+00 1.081154e+00 3.537240e-04
2.212212e-01 1.082066e+00 1.082419e+00 3.529414e-04
2.222222e-01 1.083289e+00 1.083640e+00 3.515703e-04
2.232232e-01 1.084468e+00 1.084820e+00 3.510895e-04
2.242242e-01 1.085606e+00 1.085956e+00 3.501153e-04
2.252252e-01 1.086700e+00 1.087049e+00 3.498846e-04
2.262262e-01 1.087751e+00 1.088101e+00 3.502024e-04
2.272272e-01 1.088759e+00 1.089110e+00 3.511103e-04
2.282282e-01 1.089724e+00 1.090076e+00 3.526481e-04
2.292292e-01 1.090646e+00 1.091000e+00 3.543772e-04
2.302302e-01 1.091524e+00 1.091881e+00 3.563339e-04
2.312312e-01 1.092360e+00 1.092719e+00 3.585532e-04
2.322322e-01 1.093152e+00 1.093514e+00 3.613064e-04
2.332332e-01 1.093902e+00 1.094266e+00 3.641481e-04
2.342342e-01 1.094607e+00 1.094975e+00 3.671078e-04
2.352352e-01 1.095270e+00 1.095641e+00 3.709289e-04
2.362362e-01 1.095889e+00 1.096264e+00 3.746837e-04
2.372372e-01 1.096465e+00 1.096844e+00 3.786353e-04
2.382382e-01 1.096998e+00 1.097381e+00 3.832832e-04
2.392392e-01 1.097487e+00 1.097874e+00 3.874565e-04
2.402402e-01 1.097932e+00 1.098324e+00 3.918896e-04
2.412412e-01 1.098335e+00 1.098732e+00 3.968387e-04
2.422422e-01 1.098694e+00 1.099094e+00 4.008892e-04
2.432432e-01 1.099009e+00 1.099414e+00 4.052474e-04
2.442442e-01 1.099281e+00 1.099690e+00 4.092104e-04
2.452452e-01 1.099509e+00 1.099922e+00 4.130274e-04
2.462462e-01 1.099694e+00 1.100111e+00 4.164692e-04
2.472472e-01 1.099835e+00 1.100256e+00 4.202581e-04
2.482482e-01 1.099933e+00 1.100356e+00 4.229694e-04
2.492492e-01 1.099988e+00 1.100414e+00 4.265142e-04
2.502503e-01 1.099999e+00 1.100428e+00 4.297026e-04
2.512513e-01 1.099966e+00 1.100399e+00 4.325350e-04
2.522523e-01 1.099890e+00 1.100325e+00 4.352486e-04
2.532533e-01 1.099770e+00 1.100208e+00 4.376019e-04
2.542543e-01 1.099607e+00 1.100047e+00 4.400671e-04
2.552553e-01 1.099400e+00 1.099843e+00 4.421608e-04
2.562563e-01 1.099150e+00 1.099594e+00 4.433980e-04
2.572573e-01 1.098857e+00 1.099301e+00 4.447225e-04
2.582583e-01 1.098520e+00 1.098965e+00 4.456458e-04
2.592593e-01 1.098139e+00 1.098586e+00 4.468699e-04
2.602603e-01 1.097715e+00 1.098162e+00 4.474261e-04
2.612613e-01 1.097248e+00 1.097695e+00 4.477744e-04
2.622623e-01 1.096737e+00 1.097184e+00 4.476579e-04
2.632633e-01 1.096183e+00 1.096630e+00 4.470564e-04
2.642643e-01 1.095585e+00 1.096031e+00 4.459479e-04
2.652653e-01 1.094944e+00 1.095389e+00 4.445473e-04
2.662663e-01 1.094260e+00 1.094703e+00 4.430676e-04
2.672673e-01 1.093532e+00 1.093973e+00 4.405281e-04
2.682683e-01 1.092762e+00 1.093201e+00 4.390458e-04
2.692693e-01 1.091948e+00 1.092383e+00 4.357291e-04
2.702703e-01 1.091090e+00 1.091524e+00 4.331685e-04
2.712713e-01 1.090190e+00 1.090620e+00 4.296611e-04
2.722723e-01 1.089247e+00 1.089673e+00 4.261250e-04
2.732733e-01 1.088260e+00 1.088682e+00 4.222845e-04
2.742743e-01 1.087231e+00 1.087648e+00 4.178620e-04
2.752753e-01 1.086158e+00 1.086572e+00 4.140090e-04
2.762763e-01 1.085042e+00 1.085452e+00 4.099678e-04
2.772773e-01 1.083884e+00 1.084290e+00 4.056943e-04
2.782783e-01 1.082682e+00 1.083084e+00 4.016194e-04
2.792793e-01 1.081438e+00 1.081836e+00 3.972188e-04
2.802803e-01 1.080151e+00 1.080544e+00 3.926817e-04
2.812813e-01 1.078822e+00 1.079211e+00 3.891493e-04
2.822823e-01 1.077449e+00 1.077834e+00 3.851384e-04
2.832833e-01 1.076034e+00 1.076415e+00 3.805949e-04
2.842843e-01 1.074577e+00 1.074953e+00 3.766547e-04
2.852853e-01 1.073077e+00 1.073449e+00 3.727835e-04
2.862863e-01 1.071534e+00 1.071903e+00 3.689219e-04
2.872873e-01 1.069949e+00 1.070315e+00 3.654856e-04
2.882883e-01 1.068322e+00 1.068684e+00 3.619352e-04
2.892893e-01 1.066652e+00 1.067011e+00 3.582063e-04
2.902903e-01 1.064941e+00 1.065296e+00 3.551865e-04
2.912913e-01 1.063187e+00 1.063539e+00 3.520929e-04
2.922923e-01 1.061391e+00 1.061740e+00 3.490944e-04
2.932933e-01 1.059553e+00 1.059900e+00 3.463586e-04
2.942943e-01 1.057673e+00 1.058018e+00 3.442894e-04
2.952953e-01 1.055752e+00 1.056094e+00 3.420974e-04
2.962963e-01 1.053788e+00 1.054128e+00 3.399449e-04
2.972973e-01 1.051783e+00 1.052122e+00 3.382310e-04
2.982983e-01 1.049737e+00 1.050074e+00 3.371150e-04
2.992993e-01 1.047649e+00 1.047984e+00 3.358005e-04
3.003003e-01 1.045519e+00 1.045854e+00 3.351586e-04
3.013013e-01 1.043348e+00 1.043683e+00 3.346283e-04
3.023023e-01 1.041136e+00 1.041471e+00 3.348389e-04
3.033033e-01 1.038882e+00 1.039218e+00 3.354646e-04
3.043043e-01 1.036588e+00 1.036924e+00 3.364161e-04
3.053053e-01 1.034252e+00 1.034590e+00 3.383179e-04
3.063063e-01 1.031876e+00 1.032216e+00 3.406009e-04
3.073073e-01 1.029458e+00 1.029801e+00 3.429326e-04
3.083083e-01 1.027000e+00 1.027347e+00 3.461711e-04
3.093093e-01 1.024502e+00 1.024852e+00 3.499806e-04
3.103103e-01 1.021963e+00 1.022317e+00 3.540240e-04
3.113113e-01 1.019383e+00 1.019742e+00 3.586777e-04
3.123123e-01 1.016763e+00 1.017128e+00 3.643164e-04
3.133133e-01 1.014103e+00 1.014473e+00 3.703596e-04
3.143143e-01 1.011403e+00 1.011780e+00 3.771790e-04
3.153153e-01 1.008663e+00 1.009047e+00 3.841910e-04
3.163163e-01 1.005882e+00 1.006275e+00 3.924792e-04
3.173173e-01 1.003063e+00 1.003463e+00 4.000263e-04
3.183183e-01 1.000203e+00 1.000611e+00 4.081512e-04
3.193193e-01 9.973037e-01 9.977213e-01 4.175158e-04
3.203203e-01 9.943651e-01 9.947907e-01 4.256211e-04
3.213213e-01 9.913872e-01 9.918219e-01 4.347946e-04
3.223223e-01 9.883700e-01 9.888133e-01 4.433689e-04
3.233233e-01 9.853137e-01 9.857656e-01 4.519399e-04
3.243243e-01 9.822184e-01 9.826791e-01 4.606251e-04
3.253253e-01 9.790843e-01 9.795535e-01 4.691828e-04
3.263263e-01 9.759115e-01 9.763889e-01 4.773698e-04
3.273273e-01 9.727001e-01 9.731858e-01 4.857760e-04
3.283283e-01 9.694501e-01 9.699438e-01 4.936781e-04
3.293293e-01 9.661619e-01 9.666632e-01 5.013053e-04
3.303303e-01 9.628354e-01 9.633436e-01 5.081700e-04
3.313313e-01 9.594708e-01 9.599857e-01 5.148556e-04
3.323323e-01 9.560683e-01 9.565889e-01 5.206332e-04
3.333333e-01 9.526279e-01 9.531538e-01 5.258449e-04
3.343343e-01 9.491499e-01 9.496812e-01 5.313083e-04
3.353353e-01 9.456343e-01 9.461705e-01 5.361707e-04
3.363363e-01 9.420814e-01 9.426219e-01 5.405312e-04
3.373373e-01 9.384911e-01 9.390357e-01 5.446072e-04
3.383383e-01 9.348637e-01 9.354118e-01 5.480180e-04
3.393393e-01 9.311994e-01 9.317502e-01 5.508586e-04
3.403403e-01 9.274982e-01 9.280520e-01 5.538185e-04
3.413413e-01 9.237603e-01 9.243163e-01 5.560361e-04
3.423423e-01 9.199859e-01 9.205436e-01 5.577212e-04
3.433433e-01 9.161751e-01 9.167342e-01 5.590820e-04
3.443443e-01 9.123280e-01 9.128881e-01 5.600870e-04
3.453453e-01 9.084449e-01 9.090062e-01 5.612993e-04
3.463463e-01 9.045258e-01 9.050874e-01 5.616116e-04
3.473473e-01 9.005709e-01 9.011335e-01 5.625379e-04
3.483483e-01 8.965805e-01 8.971428e-01 5.623719e-04
3.493493e-01 8.925545e-01 8.931169e-01 5.623863e-04
3.503504e-01 8.884932e-01 8.890558e-01 5.625410e-04
3.513514e-01 8.843968e-01 8.849592e-01 5.623179e-04
3.523524e-01 8.802655e-01 8.808278e-01 5.623892e-04
3.533534e-01 8.760992e-01 8.766616e-01 5.623532e-04
3.543544e-01 8.718984e-01 8.724608e-01 5.624027e-04
3.553554e-01 8.676630e-01 8.682259e-01 5.628483e-04
3.563564e-01 8.633933e-01 8.639558e-01 5.624497e-04
3.573574e-01 8.590895e-01 8.596519e-01 5.623492e-04
3.583584e-01 8.547517e-01 8.553141e-01 5.623765e-04
3.593594e-01 8.503801e-01 8.509423e-01 5.622409e-04
3.603604e-01 8.459748e-01 8.465369e-01 5.621271e-04
3.613614e-01 8.415361e-01 8.420984e-01 5.623377e-04
3.623624e-01 8.370641e-01 8.376265e-01 5.624586e-04
3.633634e-01 8.325589e-01 8.331217e-01 5.627898e-04
3.643644e-01 8.280209e-01 8.285838e-01 5.629146e-04
3.653654e-01 8.234500e-01 8.240134e-01 5.633688e-04
3.663664e-01 8.188467e-01 8.194104e-01 5.637332e-04
3.673674e-01 8.142109e-01 8.147750e-01 5.641833e-04
3.683684e-01 8.095429e-01 8.101079e-01 5.650126e-04
3.693694e-01 8.048429e-01 8.054089e-01 5.660363e-04
3.703704e-01 8.001110e-01 8.006784e-01 5.674263e-04
3.713714e-01 7.953475e-01 7.959163e-01 5.687568e-04
3.723724e-01 7.905525e-01 7.911230e-01 5.704356e-04
3.733734e-01 7.857263e-01 7.862989e-01 5.726306e-04
3.743744e-01 7.808690e-01 7.814446e-01 5.756276e-04
3.753754e-01 7.759808e-01 7.765592e-01 5.784002e-04
3.763764e-01 7.710619e-01 7.716436e-01 5.817086e-04
3.773774e-01 7.661125e-01 7.666968e-01 5.842853e-04
3.783784e-01 7.611328e-01 7.617205e-01 5.877227e-04
3.793794e-01 7.561229e-01 7.567136e-01 5.906317e-04
3.803804e-01 7.510832e-01 7.516778e-01 5.946023e-04
3.813814e-01 7.460138e-01 7.466121e-01 5.983622e-04
3.823824e-01 7.409148e-01 7.415180e-01 6.031414e-04
3.833834e-01 7.357866e-01 7.363948e-01 6.082615e-04
3.843844e-01 7.306292e-01 7.312425e-01 6.132810e-04
3.853854e-01 7.254429e-01 7.260616e-01 6.187113e-04
3.863864e-01 7.202280e-01 7.208526e-01 6.245856e-04
3.873874e-01 7.149845e-01 7.156146e-01 6.301015e-04
3.883884e-01 7.097128e-01 7.103478e-01 6.350517e-04
3.893894e-01 7.044130e-01 7.050534e-01 6.404197e-04
3.903904e-01 6.990853e-01 6.997313e-01 6.459959e-04
3.913914e-01 6.937300e-01 6.943812e-01 6.512119e-04
3.923924e-01 6.883472e-01 6.890044e-01 6.571671e-04
3.933934e-01 6.829372e-01 6.835997e-01 6.624565e-04
3.943944e-01 6.775002e-01 6.781679e-01 6.677007e-04
3.953954e-01 6.720364e-01 6.727081e-01 6.717307e-04
3.963964e-01 6.665460e-01 6.672221e-01 6.761187e-04
3.973974e-01 6.610292e-01 6.617082e-01 6.789786e-04
3.983984e-01 6.554863e-01 6.561674e-01 6.811649e-04
3.993994e-01 6.499174e-01 6.506001e-01 6.826968e-04
4.004004e-01 6.443229e-01 6.450065e-01 6.835925e-04
4.014014e-01 6.387028e-01 6.393878e-01 6.849420e-04
4.024024e-01 6.330575e-01 6.337432e-01 6.856885e-04
4.034034e-01 6.273872e-01 6.280732e-01 6.859662e-04
4.044044e-01 6.216920e-01 6.223790e-01 6.869815e-04
4.054054e-01 6.159723e-01 6.166596e-01 6.873169e-04
4.064064e-01 6.102281e-01 6.109160e-01 6.878191e-04
4.074074e-01 6.044599e-01 6.051475e-01 6.876647e-04
4.084084e-01 5.986677e-01 5.993543e-01 6.866256e-04
4.094094e-01 5.928518e-01 5.935375e-01 6.856648e-04
4.104104e-01 5.870125e-01 5.876963e-01 6.837178e-04
4.114114e-01 5.811500e-01 5.818326e-01 6.825801e-04
4.124124e-01 5.752645e-01 5.759452e-01 6.807085e-04
4.134134e-01 5.693562e-01 5.700356e-01 6.794199e-04
4.144144e-01 5.634254e-01 5.641033e-01 6.778846e-04
4.154154e-01 5.574723e-01 5.581488e-01 6.764640e-04
4.164164e-01 5.514972e-01 5.521721e-01 6.749225e-04
4.174174e-01 5.455003e-01 5.461738e-01 6.735008e-04
4.184184e-01 5.394817e-01 5.401530e-01 6.712463e-04
4.194194e-01 5.334419e-01 5.341102e-01 6.683977e-04
4.204204e-01 5.273809e-01 5.280462e-01 6.653122e-04
4.214214e-01 5.212990e-01 5.219608e-01 6.617501e-04
4.224224e-01 5.151966e-01 5.158544e-01 6.578283e-04
4.234234e-01 5.090738e-01 5.097272e-01 6.534247e-04
4.244244e-01 5.029308e-01 5.035798e-01 6.490124e-04
4.254254e-01 4.967679e-01 4.974123e-01 6.443483e-04
4.264264e-01 4.905854e-01 4.912249e-01 6.395463e-04
4.274274e-01 4.843835e-01 4.850177e-01 6.342427e-04
4.284284e-01 4.781624e-01 4.787912e-01 6.287880e-04
4.294294e-01 4.719224e-01 4.725452e-01 6.228171e-04
4.304304e-01 4.656637e-01 4.662803e-01 6.165599e-04
4.314314e-01 4.593866e-01 4.599966e-01 6.100073e-04
4.324324e-01 4.530914e-01 4.536954e-01 6.039838e-04
4.334334e-01 4.467782e-01 4.473757e-01 5.975252e-04
4.344344e-01 4.404473e-01 4.410388e-01 5.914546e-04
4.354354e-01 4.340991e-01 4.346845e-01 5.854024e-04
4.364364e-01 4.277336e-01 4.283137e-01 5.800711e-04
4.374374e-01 4.213512e-01 4.219251e-01 5.738976e-04
4.384384e-01 4.149522e-01 4.155206e-01 5.684177e-04
4.394394e-01 4.085367e-01 4.090996e-01 5.629013e-04
4.404404e-01 4.021051e-01 4.026626e-01 5.574522e-04
4.414414e-01 3.956576e-01 3.962094e-01 5.518162e-04
4.424424e-01 3.891944e-01 3.897408e-01 5.463341e-04
4.434434e-01 3.827159e-01 3.832564e-01 5.405118e-04
4.444444e-01 3.762222e-01 3.767571e-01 5.349277e-04
4.454454e-01 3.697136e-01 3.702433e-01 5.296823e-04
4.464464e-01 3.631904e-01 3.637143e-01 5.239223e-04
4.474474e-01 3.566528e-01 3.571711e-01 5.183432e-04
4.484484e-01 3.501011e-01 3.506135e-01 5.124481e-04
4.494494e-01 3.435355e-01 3.440419e-01 5.063353e-04
4.504505e-01 3.369564e-01 3.374565e-01 5.001028e-04
4.514515e-01 3.303640e-01 3.308575e-01 4.934904e-04
4.524525e-01 3.237584e-01 3.242456e-01 4.871908e-04
4.534535e-01 3.171401e-01 3.176206e-01 4.804661e-04
4.544545e-01 3.105092e-01 3.109825e-01 4.732928e-04
4.554555e-01 3.038661e-01 3.043320e-01 4.658855e-04
4.564565e-01 2.972109e-01 2.976691e-01 4.582197e-04
4.574575e-01 2.905440e-01 2.909943e-01 4.503899e-04
4.584585e-01 2.838655e-01 2.843074e-01 4.418939e-04
4.594595e-01 2.771759e-01 2.776089e-01 4.330635e-04
4.604605e-01 2.704752e-01 2.708995e-01 4.242303e-04
4.614615e-01 2.637639e-01 2.641788e-01 4.148907e-04
4.624625e-01 2.570422e-01 2.574483e-01 4.060905e-04
4.634635e-01 2.503102e-01 2.507067e-01 3.964909e-04
4.644645e-01 2.435684e-01 2.439552e-01 3.867794e-04
4.654655e-01 2.368170e-01 2.371934e-01 3.764508e-04
4.664665e-01 2.300561e-01 2.304224e-01 3.663110e-04
4.674675e-01 2.232862e-01 2.236423e-01 3.560924e-04
4.684685e-01 2.165074e-01 2.168525e-01 3.450505e-04
4.694695e-01 2.097201e-01 2.100539e-01 3.337516e-04
4.704705e-01 2.029245e-01 2.032471e-01 3.226424e-04
4.714715e-01 1.961208e-01 1.964323e-01 3.114542e-04
4.724725e-01 1.893094e-01 1.896096e-01 3.001562e-04
4.734735e-01 1.824905e-01 1.827795e-01 2.889557e-04
4.744745e-01 1.756644e-01 1.759415e-01 2.771063e-04
4.754755e-01 1.688314e-01 1.690971e-01 2.657684e-04
4.764765e-01 1.619916e-01 1.622457e-01 2.540757e-04
4.774775e-01 1.551455e-01 1.553875e-01 2.419961e-04
4.784785e-01 1.482932e-01 1.485233e-01 2.300931e-04
4.794795e-01 1.414350e-01 1.416524e-01 2.173805e-04
4.804805e-01 1.345713e-01 1.347757e-01 2.044214e-04
4.814815e-01 1.277022e-01 1.278937e-01 1.915404e-04
4.824825e-01 1.208281e-01 1.210065e-01 1.784657e-04
4.834835e-01 1.139492e-01 1.141149e-01 1.657600e-04
4.844845e-01 1.070658e-01 1.072188e-01 1.530318e-04
4.854855e-01 1.001781e-01 1.003187e-01 1.406049e-04
4.864865e-01 9.328652e-02 9.341437e-02 1.278493e-04
4.874875e-01 8.639122e-02 8.650714e-02 1.159229e-04
4.884885e-01 7.949250e-02 7.959646e-02 1.039568e-04
4.894895e-01 7.259064e-02 7.268232e-02 9.167808e-05
4.904905e-01 6.568591e-02 6.576532e-02 7.940988e-05
4.914915e-01 5.877858e-02 5.884606e-02 6.747507e-05
4.924925e-01 5.186893e-02 5.192441e-02 5.548119e-05
4.934935e-01 4.495722e-02 4.500133e-02 4.410861e-05
4.944945e-01 3.804373e-02 3.807664e-02 3.290508e-05
4.954955e-01 3.112874e-02 3.115082e-02 2.207398e-05
4.964965e-01 2.421252e-02 2.422416e-02 1.163978e-05
4.974975e-01 1.729534e-02 1.729697e-02 1.626928e-06
4.984985e-01 1.037748e-02 1.036912e-02 8.357420e-06
4.994995e-01 3.459205e-03 3.441215e-03 1.799087e-05
5.005005e-01 -3.459205e-03 -3.486991e-03 2.778550e-05
5.015015e-01 -1.037748e-02 -1.041472e-02 3.724013e-05
5.025025e-01 -1.729534e-02 -1.734239e-02 4.704567e-05
5.035035e-01 -2.421252e-02 -2.426893e-02 5.640287e-05
5.045045e-01 -3.112874e-02 -3.119469e-02 6.594300e-05
5.055055e-01 -3.804373e-02 -3.811842e-02 7.468794e-05
5.065065e-01 -4.495722e-02 -4.504079e-02 8.356688e-05
5.075075e-01 -5.186893e-02 -5.196106e-02 9.213805e-05
5.085085e-01 -5.877858e-02 -5.887890e-02 1.003172e-04
5.095095e-01 -6.568591e-02 -6.579471e-02 1.087950e-04
5.105105e-01 -7.259064e-02 -7.270825e-02 1.176061e-04
5.115115e-01 -7.949250e-02 -7.961911e-02 1.266065e-04
5.125125e-01 -8.639122e-02 -8.652705e-02 1.358308e-04
5.135135e-01 -9.328652e-02 -9.343153e-02 1.450155e-04
5.145145e-01 -1.001781e-01 -1.003326e-01 1.544332e-04
5.155155e-01 -1.070658e-01 -1.072294e-01 1.636414e-04
5.165165e-01 -1.139492e-01 -1.141222e-01 1.729721e-04
5.175175e-01 -1.208281e-01 -1.210106e-01 1.825188e-04
5.185185e-01 -1.277022e-01 -1.278940e-01 1.918384e-04
5.195195e-01 -1.345713e-01 -1.347730e-01 2.016796e-04
5.205205e-01 -1.414350e-01 -1.416464e-01 2.113604e-04
5.215215e-01 -1.482932e-01 -1.485145e-01 2.213312e-04
5.225225e-01 -1.551455e-01 -1.553770e-01 2.315057e-04
5.235235e-01 -1.619916e-01 -1.622327e-01 2.410819e-04
5.245245e-01 -1.688314e-01 -1.690817e-01 2.503904e-04
5.255255e-01 -1.756644e-01 -1.759234e-01 2.589865e-04
5.265265e-01 -1.824905e-01 -1.827580e-01 2.674981e-04
5.275275e-01 -1.893094e-01 -1.895849e-01 2.754798e-04
5.285285e-01 -1.961208e-01 -1.964037e-01 2.829036e-04
5.295295e-01 -2.029245e-01 -2.032152e-01 2.906943e-04
5.305305e-01 -2.097201e-01 -2.100176e-01 2.975120e-04
5.315315e-01 -2.165074e-01 -2.168116e-01 3.041617e-04
5.325325e-01 -2.232862e-01 -2.235963e-01 3.100776e-04
5.335335e-01 -2.300561e-01 -2.303713e-01 3.151702e-04
5.345345e-01 -2.368170e-01 -2.371364e-01 3.194688e-04
5.355355e-01 -2.435684e-01 -2.438914e-01 3.230024e-04
5.365365e-01 -2.503102e-01 -2.506364e-01 3.261574e-04
5.375375e-01 -2.570422e-01 -2.573711e-01 3.289620e-04
5.385385e-01 -2.637639e-01 -2.640951e-01 3.312057e-04
5.395395e-01 -2.704752e-01 -2.708085e-01 3.332140e-04
5.405405e-01 -2.771759e-01 -2.775110e-01 3.351331e-04
5.415415e-01 -2.838655e-01 -2.842020e-01 3.365129e-04
5.425425e-01 -2.905440e-01 -2.908812e-01 3.372603e-04
5.435435e-01 -2.972109e-01 -2.975485e-01 3.375799e-04
5.445445e-01 -3.038661e-01 -3.042032e-01 3.371394e-04
5.455455e-01 -3.105092e-01 -3.108457e-01 3.364406e-04
5.465465e-01 -3.171401e-01 -3.174756e-01 3.355076e-04
5.475475e-01 -3.237584e-01 -3.240925e-01 3.340665e-04
5.485485e-01 -3.303640e-01 -3.306972e-01 3.332135e-04
5.495495e-01 -3.369564e-01 -3.372887e-01 3.323157e-04
5.505506e-01 -3.435355e-01 -3.438665e-01 3.309784e-04
5.515516e-01 -3.501011e-01 -3.504313e-01 3.302367e-04
5.525526e-01 -3.566528e-01 -3.569822e-01 3.294561e-04
5.535536e-01 -3.631904e-01 -3.635188e-01 3.284787e-04
5.545546e-01 -3.697136e-01 -3.700410e-01 3.273842e-04
5.555556e-01 -3.762222e-01 -3.765485e-01 3.263710e-04
5.565566e-01 -3.827159e-01 -3.830411e-01 3.252795e-04
5.575576e-01 -3.891944e-01 -3.895192e-01 3.247836e-04
5.585586e-01 -3.956576e-01 -3.959817e-01 3.241264e-04
5.595596e-01 -4.021051e-01 -4.024295e-01 3.243385e-04
5.605606e-01 -4.085367e-01 -4.088616e-01 3.248999e-04
5.615616e-01 -4.149522e-01 -4.152781e-01 3.259460e-04
5.625626e-01 -4.213512e-01 -4.216787e-01 3.274920e-04
5.635636e-01 -4.277336e-01 -4.280628e-01 3.291951e-04
5.645646e-01 -4.340991e-01 -4.344302e-01 3.310992e-04
5.655656e-01 -4.404473e-01 -4.407810e-01 3.336645e-04
5.665666e-01 -4.467782e-01 -4.471143e-01 3.361588e-04
5.675676e-01 -4.530914e-01 -4.534309e-01 3.395180e-04
5.685686e-01 -4.593866e-01 -4.597300e-01 3.433957e-04
5.695696e-01 -4.656637e-01 -4.660118e-01 3.481006e-04
5.705706e-01 -4.719224e-01 -4.722758e-01 3.533743e-04
5.715716e-01 -4.781624e-01 -4.785221e-01 3.597028e-04
5.725726e-01 -4.843835e-01 -4.847496e-01 3.661410e-04
5.735736e-01 -4.905854e-01 -4.909588e-01 3.733818e-04
5.745746e-01 -4.967679e-01 -4.971490e-01 3.810746e-04
5.755756e-01 -5.029308e-01 -5.033200e-01 3.892554e-04
5.765766e-01 -5.090738e-01 -5.094714e-01 3.976016e-04
5.775776e-01 -5.151966e-01 -5.156031e-01 4.065351e-04
5.785786e-01 -5.212990e-01 -5.217148e-01 4.157617e-04
5.795796e-01 -5.273809e-01 -5.278062e-01 4.253439e-04
5.805806e-01 -5.334419e-01 -5.338771e-01 4.352839e-04
5.815816e-01 -5.394817e-01 -5.399271e-01 4.453447e-04
5.825826e-01 -5.455003e-01 -5.459563e-01 4.560035e-04
5.835836e-01 -5.514972e-01 -5.519637e-01 4.664851e-04
5.845846e-01 -5.574723e-01 -5.579488e-01 4.764308e-04
5.855856e-01 -5.634254e-01 -5.639121e-01 4.866729e-04
5.865866e-01 -5.693562e-01 -5.698531e-01 4.968509e-04
5.875876e-01 -5.752645e-01 -5.757707e-01 5.061861e-04
5.885886e-01 -5.811500e-01 -5.816653e-01 5.152699e-04
5.895896e-01 -5.870125e-01 -5.875369e-01 5.243946e-04
5.905906e-01 -5.928518e-01 -5.933851e-01 5.332558e-04
5.915916e-01 -5.986677e-01 -5.992093e-01 5.416075e-04
5.925926e-01 -6.044599e-01 -6.050098e-01 5.499184e-04
5.935936e-01 -6.102281e-01 -6.107862e-01 5.580597e-04
5.945946e-01 -6.159723e-01 -6.165379e-01 5.656042e-04
5.955956e-01 -6.216920e-01 -6.222653e-01 5.732559e-04
5.965966e-01 -6.273872e-01 -6.279681e-01 5.808833e-04
5.975976e-01 -6.330575e-01 -6.336459e-01 5.883541e-04
5.985986e-01 -6.387028e-01 -6.392993e-01 5.964291e-04
5.995996e-01 -6.443229e-01 -6.449275e-01 6.046164e-04
6.006006e-01 -6.499174e-01 -6.505308e-01 6.133766e-04
6.016016e-01 -6.554863e-01 -6.561089e-01 6.225735e-04
6.026026e-01 -6.610292e-01 -6.616619e-01 6.326657e-04
6.036036e-01 -6.665460e-01 -6.671894e-01 6.433958e-04
6.046046e-01 -6.720364e-01 -6.726908e-01 6.544454e-04
6.056056e-01 -6.775002e-01 -6.781670e-01 6.668662e-04
6.066066e-01 -6.829372e-01 -6.836169e-01 6.796823e-04
6.076076e-01 -6.883472e-01 -6.890404e-01 6.932279e-04
6.086086e-01 -6.937300e-01 -6.944373e-01 7.072998e-04
6.096096e-01 -6.990853e-01 -6.998076e-01 7.223495e-04
6.106106e-01 -7.044130e-01 -7.051501e-01 7.371581e-04
6.116116e-01 -7.097128e-01 -7.104657e-01 7.528901e-04
6.126126e-01 -7.149845e-01 -7.157538e-01 7.692784e-04
6.136136e-01 -7.202280e-01 -7.210132e-01 7.852797e-04
6.146146e-01 -7.254429e-01 -7.262450e-01 8.021148e-04
6.156156e-01 -7.306292e-01 -7.314483e-01 8.190958e-04
6.166166e-01 -7.357866e-01 -7.366229e-01 8.363088e-04
6.176176e-01 -7.409148e-01 -7.417680e-01 8.531829e-04
6.186186e-01 -7.460138e-01 -7.468840e-01 8.702190e-04
6.196196e-01 -7.510832e-01 -7.519702e-01 8.870227e-04
6.206206e-01 -7.561229e-01 -7.570264e-01 9.034965e-04
6.216216e-01 -7.611328e-01 -7.620525e-01 9.197801e-04
6.226226e-01 -7.661125e-01 -7.670481e-01 9.355950e-04
6.236236e-01 -7.710619e-01 -7.720132e-01 9.513170e-04
6.246246e-01 -7.759808e-01 -7.769474e-01 9.666053e-04
6.256256e-01 -7.808690e-01 -7.818511e-01 9.820717e-04
6.266266e-01 -7.857263e-01 -7.867233e-01 9.969560e-04
6.276276e-01 -7.905525e-01 -7.915638e-01 1.011272e-03
6.286286e-01 -7.953475e-01 -7.963734e-01 1.025865e-03
6.296296e-01 -8.001110e-01 -8.011507e-01 1.039674e-03
6.306306e-01 -8.048429e-01 -8.058956e-01 1.052708e-03
6.316316e-01 -8.095429e-01 -8.106080e-01 1.065155e-03
6.326326e-01 -8.142109e-01 -8.152880e-01 1.077141e-03
6.336336e-01 -8.188467e-01 -8.199349e-01 1.088254e-03
6.346346e-01 -8.234500e-01 -8.245494e-01 1.099334e-03
6.356356e-01 -8.280209e-01 -8.291308e-01 1.109906e-03
6.366366e-01 -8.325589e-01 -8.336791e-01 1.120212e-03
6.376376e-01 -8.370641e-01 -8.381943e-01 1.130252e-03
6.386386e-01 -8.415361e-01 -8.426760e-01 1.139966e-03
6.396396e-01 -8.459748e-01 -8.471244e-01 1.149591e-03
6.406406e-01 -8.503801e-01 -8.515388e-01 1.158764e-03
6.416416e-01 -8.547517e-01 -8.559191e-01 1.167423e-03
6.426426e-01 -8.590895e-01 -8.602648e-01 1.175323e-03
6.436436e-01 -8.633933e-01 -8.645762e-01 1.182815e-03
6.446446e-01 -8.676630e-01 -8.688531e-01 1.190068e-03
6.456456e-01 -8.718984e-01 -8.730955e-01 1.197133e-03
6.466466e-01 -8.760992e-01 -8.773039e-01 1.204653e-03
6.476476e-01 -8.802655e-01 -8.814772e-01 1.211782e-03
6.486486e-01 -8.843968e-01 -8.856162e-01 1.219340e-03
6.496496e-01 -8.884932e-01 -8.897200e-01 1.226716e-03
6.506507e-01 -8.925545e-01 -8.937881e-01 1.233594e-03
6.516517e-01 -8.965805e-01 -8.978209e-01 1.240494e-03
6.526527e-01 -9.005709e-01 -9.018175e-01 1.246561e-03
6.536537e-01 -9.045258e-01 -9.057779e-01 1.252131e-03
6.546547e-01 -9.084449e-01 -9.097029e-01 1.258018e-03
6.556557e-01 -9.123280e-01 -9.135912e-01 1.263183e-03
6.566567e-01 -9.161751e-01 -9.174436e-01 1.268556e-03
6.576577e-01 -9.199859e-01 -9.212599e-01 1.274050e-03
6.586587e-01 -9.237603e-01 -9.250398e-01 1.279458e-03
6.596597e-01 -9.274982e-01 -9.287823e-01 1.284154e-03
6.606607e-01 -9.311994e-01 -9.324878e-01 1.288406e-03
6.616617e-01 -9.348637e-01 -9.361562e-01 1.292420e-03
6.626627e-01 -9.384911e-01 -9.397867e-01 1.295626e-03
6.636637e-01 -9.420814e-01 -9.433796e-01 1.298225e-03
6.646647e-01 -9.456343e-01 -9.469348e-01 1.300481e-03
6.656657e-01 -9.491499e-01 -9.504527e-01 1.302831e-03
6.666667e-01 -9.526279e-01 -9.539329e-01 1.304997e-03
6.676677e-01 -9.560683e-01 -9.573756e-01 1.307355e-03
6.686687e-01 -9.594708e-01 -9.607800e-01 1.309147e-03
6.696697e-01 -9.628354e-01 -9.641462e-01 1.310806e-03
6.706707e-01 -9.661619e-01 -9.674734e-01 1.311511e-03
6.716717e-01 -9.694501e-01 -9.707618e-01 1.311692e-03
6.726727e-01 -9.727001e-01 -9.740110e-01 1.310943e-03
6.736737e-01 -9.759115e-01 -9.772213e-01 1.309749e-03
6.746747e-01 -9.790843e-01 -9.803920e-01 1.307701e-03
6.756757e-01 -9.822184e-01 -9.835243e-01 1.305879e-03
6.766767e-01 -9.853137e-01 -9.866173e-01 1.303631e-03
6.776777e-01 -9.883700e-01 -9.896714e-01 1.301437e-03
6.786787e-01 -9.913872e-01 -9.926865e-01 1.299360e-03
6.796797e-01 -9.943651e-01 -9.956616e-01 1.296445e-03
6.806807e-01 -9.973037e-01 -9.985973e-01 1.293525e-03
6.816817e-01 -1.000203e+00 -1.001493e+00 1.290300e-03
6.826827e-01 -1.003063e+00 -1.004349e+00 1.286586e-03
6.836837e-01 -1.005882e+00 -1.007165e+00 1.282734e-03
6.846847e-01 -1.008663e+00 -1.009942e+00 1.279214e-03
6.856857e-01 -1.011403e+00 -1.012679e+00 1.275659e-03
6.866867e-01 -1.014103e+00 -1.015375e+00 1.272416e-03
6.876877e-01 -1.016763e+00 -1.018033e+00 1.269353e-03
6.886887e-01 -1.019383e+00 -1.020650e+00 1.266814e-03
6.896897e-01 -1.021963e+00 -1.023227e+00 1.264187e-03
6.906907e-01 -1.024502e+00 -1.025763e+00 1.261216e-03
6.916917e-01 -1.027000e+00 -1.028259e+00 1.258241e-03
6.926927e-01 -1.029458e+00 -1.030713e+00 1.254526e-03
6.936937e-01 -1.031876e+00 -1.033126e+00 1.250645e-03
6.946947e-01 -1.034252e+00 -1.035498e+00 1.246216e-03
6.956957e-01 -1.036588e+00 -1.037829e+00 1.241453e-03
6.966967e-01 -1.038882e+00 -1.040119e+00 1.236329e-03
6.976977e-01 -1.041136e+00 -1.042368e+00 1.231889e-03
6.986987e-01 -1.043348e+00 -1.044574e+00 1.226433e-03
6.996997e-01 -1.045519e+00 -1.046740e+00 1.221360e-03
7.007007e-01 -1.047649e+00 -1.048865e+00 1.216042e-03
7.017017e-01 -1.049737e+00 -1.050947e+00 1.210561e-03
7.027027e-01 -1.051783e+00 -1.052988e+00 1.204287e-03
7.037037e-01 -1.053788e+00 -1.054986e+00 1.197537e-03
7.047047e-01 -1.055752e+00 -1.056942e+00 1.190629e-03
7.057057e-01 -1.057673e+00 -1.058857e+00 1.183284e-03
7.067067e-01 -1.059553e+00 -1.060729e+00 1.175459e-03
7.077077e-01 -1.061391e+00 -1.062559e+00 1.167466e-03
7.087087e-01 -1.063187e+00 -1.064347e+00 1.159617e-03
7.097097e-01 -1.064941e+00 -1.066093e+00 1.151981e-03
7.107107e-01 -1.066652e+00 -1.067797e+00 1.144392e-03
7.117117e-01 -1.068322e+00 -1.069459e+00 1.136676e-03
7.127127e-01 -1.069949e+00 -1.071078e+00 1.129260e-03
7.137137e-01 -1.071534e+00 -1.072655e+00 1.121132e-03
7.147147e-01 -1.073077e+00 -1.074189e+00 1.112835e-03
7.157157e-01 -1.074577e+00 -1.075681e+00 1.104070e-03
7.167167e-01 -1.076034e+00 -1.077130e+00 1.095493e-03
7.177177e-01 -1.077449e+00 -1.078536e+00 1.086566e-03
7.187187e-01 -1.078822e+00 -1.079899e+00 1.076987e-03
7.197197e-01 -1.080151e+00 -1.081220e+00 1.068598e-03
7.207207e-01 -1.081438e+00 -1.082497e+00 1.059188e-03
7.217217e-01 -1.082682e+00 -1.083733e+00 1.050356e-03
7.227227e-01 -1.083884e+00 -1.084925e+00 1.041318e-03
7.237237e-01 -1.085042e+00 -1.086074e+00 1.031763e-03
7.247247e-01 -1.086158e+00 -1.087181e+00 1.022692e-03
7.257257e-01 -1.087231e+00 -1.088244e+00 1.013193e-03
7.267267e-01 -1.088260e+00 -1.089264e+00 1.003787e-03
7.277277e-01 -1.089247e+00 -1.090241e+00 9.940381e-04
7.287287e-01 -1.090190e+00 -1.091174e+00 9.842228e-04
7.297297e-01 -1.091090e+00 -1.092065e+00 9.743787e-04
7.307307e-01 -1.091948e+00 -1.092913e+00 9.648992e-04
7.317317e-01 -1.092762e+00 -1.093717e+00 9.554604e-04
7.327327e-01 -1.093532e+00 -1.094478e+00 9.458563e-04
7.337337e-01 -1.094260e+00 -1.095196e+00 9.364749e-04
7.347347e-01 -1.094944e+00 -1.095871e+00 9.272257e-04
7.357357e-01 -1.095585e+00 -1.096503e+00 9.177783e-04
7.367367e-01 -1.096183e+00 -1.097091e+00 9.083963e-04
7.377377e-01 -1.096737e+00 -1.097636e+00 8.988650e-04
7.387387e-01 -1.097248e+00 -1.098136e+00 8.888488e-04
7.397397e-01 -1.097715e+00 -1.098594e+00 8.789637e-04
7.407407e-01 -1.098139e+00 -1.099008e+00 8.689900e-04
7.417417e-01 -1.098520e+00 -1.099379e+00 8.591828e-04
7.427427e-01 -1.098857e+00 -1.099706e+00 8.494380e-04
7.437437e-01 -1.099150e+00 -1.099990e+00 8.400073e-04
7.447447e-01 -1.099400e+00 -1.100231e+00 8.305446e-04
7.457457e-01 -1.099607e+00 -1.100428e+00 8.210600e-04
7.467467e-01 -1.099770e+00 -1.100582e+00 8.113231e-04
7.477477e-01 -1.099890e+00 -1.100692e+00 8.019364e-04
7.487487e-01 -1.099966e+00 -1.100759e+00 7.927855e-04
7.497497e-01 -1.099999e+00 -1.100782e+00 7.829197e-04
7.507508e-01 -1.099988e+00 -1.100761e+00 7.730556e-04
7.517518e-01 -1.099933e+00 -1.100697e+00 7.634311e-04
7.527528e-01 -1.099835e+00 -1.100589e+00 7.539249e-04
7.537538e-01 -1.099694e+00 -1.100439e+00 7.446523e-04
7.547548e-01 -1.099509e+00 -1.100244e+00 7.350117e-04
7.557558e-01 -1.099281e+00 -1.100006e+00 7.253534e-04
7.567568e-01 -1.099009e+00 -1.099725e+00 7.165028e-04
7.577578e-01 -1.098694e+00 -1.099401e+00 7.073763e-04
7.587588e-01 -1.098335e+00 -1.099033e+00 6.979614e-04
7.597598e-01 -1.097932e+00 -1.098621e+00 6.886015e-04
7.607608e-01 -1.097487e+00 -1.098165e+00 6.786848e-04
7.617618e-01 -1.096998e+00 -1.097666e+00 6.684319e-04
7.627628e-01 -1.096465e+00 -1.097123e+00 6.581811e-04
7.637638e-01 -1.095889e+00 -1.096537e+00 6.474346e-04
7.647648e-01 -1.095270e+00 -1.095907e+00 6.370040e-04
7.657658e-01 -1.094607e+00 -1.095233e+00 6.257920e-04
7.667668e-01 -1.093902e+00 -1.094516e+00 6.146068e-04
7.677678e-01 -1.093152e+00 -1.093756e+00 6.036589e-04
7.687688e-01 -1.092360e+00 -1.092952e+00 5.919650e-04
7.697698e-01 -1.091524e+00 -1.092105e+00 5.802090e-04
7.707708e-01 -1.090646e+00 -1.091214e+00 5.683578e-04
7.717718e-01 -1.089724e+00 -1.090280e+00 5.560192e-04
7.727728e-01 -1.088759e+00 -1.089302e+00 5.433949e-04
7.737738e-01 -1.087751e+00 -1.088281e+00 5.302085e-04
7.747748e-01 -1.086700e+00 -1.087217e+00 5.170160e-04
7.757758e-01 -1.085606e+00 -1.086109e+00 5.038952e-04
7.767768e-01 -1.084468e+00 -1.084959e+00 4.906836e-04
7.777778e-01 -1.083289e+00 -1.083766e+00 4.775745e-04
7.787788e-01 -1.082066e+00 -1.082531e+00 4.653558e-04
7.797798e-01 -1.080800e+00 -1.081253e+00 4.531446e-04
7.807808e-01 -1.079492e+00 -1.079933e+00 4.407716e-04
7.817818e-01 -1.078141e+00 -1.078570e+00 4.293773e-04
7.827828e-01 -1.076747e+00 -1.077165e+00 4.178352e-04
7.837838e-01 -1.075311e+00 -1.075717e+00 4.063287e-04
7.847848e-01 -1.073832e+00 -1.074228e+00 3.956354e-04
7.857858e-01 -1.072311e+00 -1.072696e+00 3.851008e-04
7.867868e-01 -1.070747e+00 -1.071123e+00 3.756183e-04
7.877878e-01 -1.069141e+00 -1.069507e+00 3.665301e-04
7.887888e-01 -1.067492e+00 -1.067850e+00 3.580110e-04
7.897898e-01 -1.065802e+00 -1.066152e+00 3.499958e-04
7.907908e-01 -1.064069e+00 -1.064411e+00 3.422985e-04
7.917918e-01 -1.062294e+00 -1.062630e+00 3.356850e-04
7.927928e-01 -1.060477e+00 -1.060807e+00 3.293698e-04
7.937938e-01 -1.058619e+00 -1.058942e+00 3.231618e-04
7.947948e-01 -1.056718e+00 -1.057035e+00 3.172259e-04
7.957958e-01 -1.054775e+00 -1.055087e+00 3.119638e-04
7.967968e-01 -1.052791e+00 -1.053098e+00 3.069409e-04
7.977978e-01 -1.050765e+00 -1.051068e+00 3.025558e-04
7.987988e-01 -1.048698e+00 -1.048996e+00 2.982513e-04
7.997998e-01 -1.046589e+00 -1.046883e+00 2.943033e-04
8.008008e-01 -1.044439e+00 -1.044729e+00 2.902708e-04
8.018018e-01 -1.042247e+00 -1.042534e+00 2.872607e-04
8.028028e-01 -1.040014e+00 -1.040298e+00 2.839944e-04
8.038038e-01 -1.037740e+00 -1.038021e+00 2.808603e-04
8.048048e-01 -1.035425e+00 -1.035703e+00 2.778877e-04
8.058058e-01 -1.033069e+00 -1.033344e+00 2.753426e-04
8.068068e-01 -1.030672e+00 -1.030945e+00 2.725358e-04
8.078078e-01 -1.028235e+00 -1.028505e+00 2.700877e-04
8.088088e-01 -1.025756e+00 -1.026023e+00 2.671867e-04
8.098098e-01 -1.023237e+00 -1.023502e+00 2.646883e-04
8.108108e-01 -1.020678e+00 -1.020940e+00 2.620161e-04
8.118118e-01 -1.018078e+00 -1.018337e+00 2.593074e-04
8.128128e-01 -1.015438e+00 -1.015695e+00 2.565783e-04
8.138138e-01 -1.012758e+00 -1.013011e+00 2.533670e-04
8.148148e-01 -1.010038e+00 -1.010288e+00 2.505210e-04
8.158158e-01 -1.007278e+00 -1.007525e+00 2.476943e-04
8.168168e-01 -1.004477e+00 -1.004723e+00 2.451353e-04
8.178178e-01 -1.001638e+00 -1.001879e+00 2.417797e-04
8.188188e-01 -9.987583e-01 -9.989970e-01 2.387072e-04
8.198198e-01 -9.958393e-01 -9.960744e-01 2.350289e-04
8.208208e-01 -9.928810e-01 -9.931122e-01 2.311660e-04
8.218218e-01 -9.898835e-01 -9.901105e-01 2.270610e-04
8.228228e-01 -9.868467e-01 -9.870702e-01 2.234893e-04
8.238238e-01 -9.837709e-01 -9.839908e-01 2.199136e-04
8.248248e-01 -9.806562e-01 -9.808731e-01 2.168679e-04
8.258258e-01 -9.775028e-01 -9.777167e-01 2.139310e-04
8.268268e-01 -9.743106e-01 -9.745215e-01 2.108589e-04
8.278278e-01 -9.710799e-01 -9.712881e-01 2.082406e-04
8.288288e-01 -9.678108e-01 -9.680170e-01 2.061867e-04
8.298298e-01 -9.645034e-01 -9.647066e-01 2.031970e-04
8.308308e-01 -9.611579e-01 -9.613591e-01 2.012864e-04
8.318318e-01 -9.577743e-01 -9.579728e-01 1.985344e-04
8.328328e-01 -9.543528e-01 -9.545492e-01 1.963569e-04
8.338338e-01 -9.508936e-01 -9.510884e-01 1.947379e-04
8.348348e-01 -9.473968e-01 -9.475898e-01 1.929443e-04
8.358358e-01 -9.438625e-01 -9.440543e-01 1.917916e-04
8.368368e-01 -9.402909e-01 -9.404815e-01 1.906631e-04
8.378378e-01 -9.366821e-01 -9.368715e-01 1.894771e-04
8.388388e-01 -9.330362e-01 -9.332247e-01 1.885081e-04
8.398398e-01 -9.293534e-01 -9.295403e-01 1.868967e-04
8.408408e-01 -9.256338e-01 -9.258194e-01 1.855699e-04
8.418418e-01 -9.218777e-01 -9.220616e-01 1.839040e-04
8.428428e-01 -9.180850e-01 -9.182674e-01 1.824058e-04
8.438438e-01 -9.142561e-01 -9.144378e-01 1.817599e-04
8.448448e-01 -9.103910e-01 -9.105712e-01 1.802651e-04
8.458458e-01 -9.064898e-01 -9.066695e-01 1.796758e-04
8.468468e-01 -9.025528e-01 -9.027314e-01 1.785860e-04
8.478478e-01 -8.985801e-01 -8.987579e-01 1.777341e-04
8.488488e-01 -8.945719e-01 -8.947483e-01 1.764264e-04
8.498498e-01 -8.905283e-01 -8.907031e-01 1.748024e-04
8.508509e-01 -8.864494e-01 -8.866230e-01 1.735367e-04
8.518519e-01 -8.823355e-01 -8.825076e-01 1.721102e-04
8.528529e-01 -8.781867e-01 -8.783582e-01 1.714927e-04
8.538539e-01 -8.740031e-01 -8.741735e-01 1.703281e-04
8.548549e-01 -8.697850e-01 -8.699555e-01 1.705369e-04
8.558559e-01 -8.655325e-01 -8.657029e-01 1.704026e-04
8.568569e-01 -8.612457e-01 -8.614166e-01 1.709491e-04
8.578579e-01 -8.569248e-01 -8.570963e-01 1.714107e-04
8.588589e-01 -8.525701e-01 -8.527421e-01 1.720338e-04
8.598599e-01 -8.481816e-01 -8.483542e-01 1.725864e-04
8.608609e-01 -8.437596e-01 -8.439330e-01 1.733719e-04
8.618619e-01 -8.393042e-01 -8.394786e-01 1.743345e-04
8.628629e-01 -8.348156e-01 -8.349916e-01 1.759537e-04
8.638639e-01 -8.302940e-01 -8.304713e-01 1.773365e-04
8.648649e-01 -8.257395e-01 -8.259190e-01 1.794963e-04
8.658659e-01 -8.211524e-01 -8.213342e-01 1.818357e-04
8.668669e-01 -8.165328e-01 -8.167172e-01 1.844115e-04
8.678679e-01 -8.118809e-01 -8.120687e-01 1.878160e-04
8.688689e-01 -8.071969e-01 -8.073872e-01 1.903154e-04
8.698699e-01 -8.024809e-01 -8.026744e-01 1.935125e-04
8.708709e-01 -7.977332e-01 -7.979286e-01 1.953731e-04
8.718719e-01 -7.929539e-01 -7.931513e-01 1.973186e-04
8.728729e-01 -7.881433e-01 -7.883426e-01 1.992793e-04
8.738739e-01 -7.833015e-01 -7.835026e-01 2.010648e-04
8.748749e-01 -7.784287e-01 -7.786319e-01 2.031392e-04
8.758759e-01 -7.735251e-01 -7.737300e-01 2.048926e-04
8.768769e-01 -7.685910e-01 -7.687976e-01 2.066674e-04
8.778779e-01 -7.636264e-01 -7.638340e-01 2.076129e-04
8.788789e-01 -7.586316e-01 -7.588402e-01 2.086054e-04
8.798799e-01 -7.536068e-01 -7.538160e-01 2.092090e-04
8.808809e-01 -7.485522e-01 -7.487614e-01 2.091654e-04
8.818819e-01 -7.434680e-01 -7.436768e-01 2.088110e-04
8.828829e-01 -7.383543e-01 -7.385622e-01 2.078850e-04
8.838839e-01 -7.332115e-01 -7.334182e-01 2.066621e-04
8.848849e-01 -7.280397e-01 -7.282444e-01 2.047601e-04
8.858859e-01 -7.228390e-01 -7.230417e-01 2.026894e-04
8.868869e-01 -7.176098e-01 -7.178104e-01 2.006022e-04
8.878879e-01 -7.123522e-01 -7.125504e-01 1.982319e-04
8.888889e-01 -7.070664e-01 -7.072617e-01 1.953109e-04
8.898899e-01 -7.017526e-01 -7.019446e-01 1.919878e-04
8.908909e-01 -6.964111e-01 -6.965990e-01 1.879331e-04
8.918919e-01 -6.910420e-01 -6.912263e-01 1.843066e-04
8.928929e-01 -6.856456e-01 -6.858258e-01 1.802400e-04
8.938939e-01 -6.802221e-01 -6.803980e-01 1.759969e-04
8.948949e-01 -6.747716e-01 -6.749429e-01 1.712434e-04
8.958959e-01 -6.692945e-01 -6.694607e-01 1.662408e-04
8.968969e-01 -6.637909e-01 -6.639521e-01 1.612492e-04
8.978979e-01 -6.582610e-01 -6.584170e-01 1.559914e-04
8.988989e-01 -6.527051e-01 -6.528554e-01 1.503082e-04
8.998999e-01 -6.471234e-01 -6.472684e-01 1.450528e-04
9.009009e-01 -6.415160e-01 -6.416558e-01 1.397658e-04
9.019019e-01 -6.358833e-01 -6.360178e-01 1.344639e-04
9.029029e-01 -6.302255e-01 -6.303546e-01 1.291628e-04
9.039039e-01 -6.245427e-01 -6.246669e-01 1.242345e-04
9.049049e-01 -6.188352e-01 -6.189542e-01 1.189776e-04
9.059059e-01 -6.131032e-01 -6.132171e-01 1.138815e-04
9.069069e-01 -6.073470e-01 -6.074553e-01 1.082426e-04
9.079079e-01 -6.015668e-01 -6.016700e-01 1.032041e-04
9.089089e-01 -5.957627e-01 -5.958613e-01 9.859702e-05
9.099099e-01 -5.899351e-01 -5.900295e-01 9.437051e-05
9.109109e-01 -5.840842e-01 -5.841747e-01 9.053249e-05
9.119119e-01 -5.782101e-01 -5.782969e-01 8.679190e-05
9.129129e-01 -5.723132e-01 -5.723971e-01 8.387006e-05
9.139139e-01 -5.663936e-01 -5.664745e-01 8.087805e-05
9.149149e-01 -5.604517e-01 -5.605298e-01 7.817776e-05
9.159159e-01 -5.544875e-01 -5.545633e-01 7.577255e-05
9.169169e-01 -5.485014e-01 -5.485741e-01 7.265164e-05
9.179179e-01 -5.424937e-01 -5.425644e-01 7.072400e-05
9.189189e-01 -5.364644e-01 -5.365334e-01 6.891752e-05
9.199199e-01 -5.304140e-01 -5.304806e-01 6.657646e-05
9.209209e-01 -5.243426e-01 -5.244071e-01 6.459397e-05
9.219219e-01 -5.182504e-01 -5.183135e-01 6.308751e-05
9.229229e-01 -5.121377e-01 -5.121991e-01 6.139886e-05
9.239239e-01 -5.060048e-01 -5.060645e-01 5.976305e-05
9.249249e-01 -4.998518e-01 -4.999095e-01 5.766926e-05
9.259259e-01 -4.936791e-01 -4.937348e-01 5.567875e-05
9.269269e-01 -4.874868e-01 -4.875394e-01 5.259368e-05
9.279279e-01 -4.812753e-01 -4.813252e-01 4.986784e-05
9.289289e-01 -4.750447e-01 -4.750915e-01 4.671905e-05
9.299299e-01 -4.687954e-01 -4.688389e-01 4.352672e-05
9.309309e-01 -4.625275e-01 -4.625677e-01 4.022244e-05
9.319319e-01 -4.562413e-01 -4.562783e-01 3.706491e-05
9.329329e-01 -4.499370e-01 -4.499704e-01 3.338824e-05
9.339339e-01 -4.436150e-01 -4.436449e-01 2.995632e-05
9.349349e-01 -4.372754e-01 -4.373014e-01 2.601243e-05
9.359359e-01 -4.309185e-01 -4.309405e-01 2.205085e-05
9.369369e-01 -4.245445e-01 -4.245620e-01 1.746249e-05
9.379379e-01 -4.181538e-01 -4.181663e-01 1.256146e-05
9.389389e-01 -4.117465e-01 -4.117540e-01 7.452587e-06
9.399399e-01 -4.053229e-01 -4.053255e-01 2.597668e-06
9.409409e-01 -3.988833e-01 -3.988812e-01 2.138184e-06
9.419419e-01 -3.924280e-01 -3.924212e-01 6.771285e-06
9.429429e-01 -3.859571e-01 -3.859453e-01 1.173581e-05
9.439439e-01 -3.794709e-01 -3.794546e-01 1.627444e-05
9.449449e-01 -3.729697e-01 -3.729492e-01 2.052456e-05
9.459459e-01 -3.664538e-01 -3.664287e-01 2.504134e-05
9.469469e-01 -3.599233e-01 -3.598939e-01 2.942691e-05
9.479479e-01 -3.533787e-01 -3.533443e-01 3.441641e-05
9.489489e-01 -3.468200e-01 -3.467810e-01 3.901704e-05
9.499499e-01 -3.402477e-01 -3.402037e-01 4.396508e-05
9.509510e-01 -3.336618e-01 -3.336132e-01 4.868605e-05
9.519520e-01 -3.270628e-01 -3.270097e-01 5.308284e-05
9.529530e-01 -3.204509e-01 -3.203931e-01 5.777412e-05
9.539540e-01 -3.138262e-01 -3.137645e-01 6.176975e-05
9.549550e-01 -3.071892e-01 -3.071228e-01 6.634505e-05
9.559560e-01 -3.005400e-01 -3.004692e-01 7.074928e-05
9.569570e-01 -2.938789e-01 -2.938039e-01 7.500707e-05
9.579580e-01 -2.872062e-01 -2.871267e-01 7.944150e-05
9.589590e-01 -2.805221e-01 -2.804385e-01 8.360128e-05
9.599600e-01 -2.738269e-01 -2.737391e-01 8.781041e-05
9.609610e-01 -2.671209e-01 -2.670302e-01 9.066481e-05
9.619620e-01 -2.604043e-01 -2.603101e-01 9.421789e-05
9.629630e-01 -2.536775e-01 -2.535806e-01 9.682799e-05
9.639640e-01 -2.469405e-01 -2.468415e-01 9.899963e-05
9.649650e-01 -2.401939e-01 -2.400944e-01 9.944958e-05
9.659660e-01 -2.334377e-01 -2.333373e-01 1.003521e-04
9.669670e-01 -2.266723e-01 -2.265719e-01 1.003650e-04
9.679680e-01 -2.198979e-01 -2.197974e-01 1.004713e-04
9.689690e-01 -2.131148e-01 -2.130150e-01 9.980647e-05
9.699700e-01 -2.063233e-01 -2.062247e-01 9.863877e-05
9.709710e-01 -1.995236e-01 -1.994262e-01 9.741569e-05
9.719720e-01 -1.927161e-01 -1.926206e-01 9.545254e-05
9.729730e-01 -1.859009e-01 -1.858081e-01 9.283980e-05
9.739740e-01 -1.790784e-01 -1.789885e-01 8.990666e-05
9.749750e-01 -1.722487e-01 -1.721620e-01 8.674418e-05
9.759760e-01 -1.654123e-01 -1.653289e-01 8.344371e-05
9.769770e-01 -1.585693e-01 -1.584892e-01 8.015648e-05
9.779780e-01 -1.517201e-01 -1.516433e-01 7.679556e-05
9.789790e-01 -1.448648e-01 -1.447908e-01 7.398949e-05
9.799800e-01 -1.380038e-01 -1.379325e-01 7.129421e-05
9.809810e-01 -1.311374e-01 -1.310685e-01 6.886191e-05
9.819820e-01 -1.242658e-01 -1.241997e-01 6.607014e-05
9.829830e-01 -1.173892e-01 -1.173260e-01 6.319071e-05
9.839840e-01 -1.105080e-01 -1.104462e-01 6.186657e-05
9.849850e-01 -1.036225e-01 -1.035631e-01 5.933006e-05
9.859860e-01 -9.673280e-02 -9.667480e-02 5.799933e-05
9.869870e-01 -8.983931e-02 -8.978283e-02 5.647800e-05
9.879880e-01 -8.294227e-02 -8.288693e-02 5.533676e-05
9.889890e-01 -7.604195e-02 -7.598740e-02 5.455043e-05
9.899900e-01 -6.913862e-02 -6.908500e-02 5.361710e-05
9.909910e-01 -6.223255e-02 -6.217980e-02 5.275025e-05
9.919920e-01 -5.532403e-02 -5.527133e-02 5.269990e-05
9.929930e-01 -4.841331e-02 -4.836142e-02 5.189159e-05
9.939940e-01 -4.150068e-02 -4.144841e-02 5.226762e-05
9.949950e-01 -3.458641e-02 -3.453457e-02 5.183646e-05
9.959960e-01 -2.767077e-02 -2.761936e-02 5.140805e-05
9.969970e-01 -2.075404e-02 -2.070296e-02 5.107716e-05
9.979980e-01 -1.383648e-02 -1.378548e-02 5.099817e-05
9.989990e-01 -6.918377e-03 -6.866932e-03 5.144473e-05
1.000000e+00 -2.694223e-16 5.137920e-05 5.137920e-05
