# iteration  l2_NN  l2_FF  l2_mFF
0.000000e+00 2.351759e+00 2.577320e+00 1.716602e+00
1.000000e+02 7.981139e-01 2.442393e+00 8.462045e-01
2.000000e+02 1.750187e+00 2.316539e+00 4.735907e-01
3.000000e+02 4.976350e+00 2.183488e+00 2.342877e-01
4.000000e+02 9.078725e+00 2.059580e+00 2.116128e-01
5.000000e+02 7.181544e+00 1.936904e+00 2.172299e-01
6.000000e+02 4.769743e+00 1.816915e+00 2.084936e-01
7.000000e+02 4.716513e+00 1.703022e+00 1.973444e-01
8.000000e+02 4.331077e+00 1.592236e+00 1.771222e-01
9.000000e+02 3.452375e+00 1.487358e+00 1.710326e-01
1.000000e+03 4.348701e+00 1.388584e+00 1.672116e-01
1.100000e+03 3.435047e+00 1.294783e+00 1.600350e-01
1.200000e+03 3.339875e+00 1.206329e+00 1.506852e-01
1.300000e+03 2.589305e+00 1.122192e+00 1.457197e-01
1.400000e+03 3.568670e+00 1.042498e+00 1.412341e-01
1.500000e+03 2.995966e+00 9.674702e-01 1.358451e-01
1.600000e+03 2.961705e+00 8.977311e-01 1.318275e-01
1.700000e+03 2.802603e+00 8.314799e-01 1.294843e-01
1.800000e+03 2.383502e+00 7.708289e-01 1.237782e-01
1.900000e+03 1.876790e+00 7.138023e-01 1.141548e-01
2.000000e+03 1.636326e+00 6.614876e-01 1.159036e-01
2.100000e+03 1.698381e+00 6.136519e-01 1.088669e-01
2.200000e+03 2.118907e+00 5.691674e-01 1.053081e-01
2.300000e+03 2.131154e+00 5.303682e-01 1.063971e-01
2.400000e+03 1.855873e+00 4.942747e-01 9.950967e-02
2.500000e+03 1.977309e+00 4.657117e-01 9.815131e-02
2.600000e+03 2.234596e+00 4.390048e-01 9.611715e-02
2.700000e+03 2.280901e+00 4.176093e-01 8.819985e-02
2.800000e+03 2.191139e+00 4.106694e-01 9.028561e-02
2.900000e+03 2.132147e+00 3.936705e-01 8.281305e-02
3.000000e+03 2.570482e+00 3.787703e-01 7.999877e-02
3.100000e+03 2.571959e+00 3.662171e-01 7.965746e-02
3.200000e+03 2.520236e+00 3.560542e-01 7.664068e-02
3.300000e+03 3.277944e+00 3.506290e-01 6.836198e-02
3.400000e+03 2.936316e+00 3.464701e-01 6.501343e-02
3.500000e+03 2.724860e+00 3.447803e-01 5.158822e-02
3.600000e+03 2.503819e+00 3.449905e-01 5.404372e-02
3.700000e+03 2.180565e+00 3.485866e-01 6.746883e-02
3.800000e+03 2.360429e+00 3.505454e-01 7.692291e-02
3.900000e+03 2.410370e+00 3.506190e-01 6.750180e-02
4.000000e+03 2.570442e+00 3.526892e-01 6.982609e-02
4.100000e+03 2.670646e+00 3.507032e-01 6.997438e-02
4.200000e+03 2.604741e+00 3.503839e-01 7.069586e-02
4.300000e+03 2.740609e+00 3.496278e-01 7.151235e-02
4.400000e+03 2.619858e+00 3.500184e-01 4.941179e-02
4.500000e+03 2.761840e+00 3.514957e-01 4.498503e-02
4.600000e+03 2.798067e+00 3.511231e-01 1.034397e-01
4.700000e+03 3.109637e+00 3.537289e-01 4.923462e-02
4.800000e+03 2.351540e+00 3.638573e-01 6.071785e-02
4.900000e+03 2.473160e+00 3.607998e-01 7.322206e-02
5.000000e+03 2.270328e+00 3.593752e-01 6.238039e-02
5.100000e+03 2.557351e+00 3.575256e-01 5.998770e-02
5.200000e+03 2.378738e+00 3.575573e-01 6.056748e-02
5.300000e+03 2.477227e+00 3.590332e-01 4.299170e-02
5.400000e+03 2.177355e+00 3.569404e-01 4.488218e-02
5.500000e+03 2.325863e+00 3.576747e-01 5.331036e-02
5.600000e+03 2.164691e+00 3.639080e-01 5.210212e-02
5.700000e+03 2.307464e+00 3.721700e-01 5.457798e-02
5.800000e+03 2.585950e+00 3.700193e-01 3.049671e-02
5.900000e+03 2.369892e+00 3.679311e-01 4.369517e-02
6.000000e+03 2.238732e+00 3.671530e-01 3.762784e-02
6.100000e+03 2.422845e+00 3.664795e-01 4.164381e-02
6.200000e+03 2.323324e+00 3.658047e-01 3.692949e-02
6.300000e+03 2.181212e+00 3.653010e-01 5.292497e-02
6.400000e+03 2.051402e+00 3.669141e-01 4.197552e-02
6.500000e+03 2.317781e+00 3.652931e-01 2.785450e-02
6.600000e+03 2.552201e+00 3.643064e-01 4.659391e-02
6.700000e+03 2.344446e+00 3.659731e-01 3.677678e-02
6.800000e+03 2.022901e+00 3.682105e-01 3.000772e-02
6.900000e+03 2.052304e+00 3.676656e-01 2.925596e-02
7.000000e+03 2.013316e+00 3.746258e-01 2.740269e-02
7.100000e+03 1.969980e+00 3.728958e-01 2.929176e-02
7.200000e+03 1.834867e+00 3.725064e-01 2.708151e-02
7.300000e+03 2.075468e+00 3.708330e-01 4.125463e-02
7.400000e+03 1.883894e+00 3.704154e-01 6.419149e-02
7.500000e+03 2.030050e+00 3.701975e-01 3.870065e-02
7.600000e+03 2.080194e+00 3.695892e-01 3.289504e-02
7.700000e+03 1.868275e+00 3.701814e-01 2.669902e-02
7.800000e+03 2.035135e+00 3.718918e-01 2.695058e-02
7.900000e+03 2.282994e+00 3.738457e-01 3.694441e-02
8.000000e+03 2.305571e+00 3.717054e-01 2.517373e-02
8.100000e+03 2.337670e+00 3.723527e-01 2.321989e-02
8.200000e+03 2.311861e+00 3.720362e-01 1.986297e-02
8.300000e+03 2.206956e+00 3.726013e-01 2.217271e-02
8.400000e+03 2.047468e+00 3.738490e-01 1.918437e-02
8.500000e+03 2.066782e+00 3.714129e-01 2.700769e-02
8.600000e+03 2.147121e+00 3.725785e-01 2.228592e-02
8.700000e+03 2.231110e+00 3.730684e-01 3.938013e-02
8.800000e+03 2.124227e+00 3.722066e-01 2.211348e-02
8.900000e+03 2.007194e+00 3.716223e-01 2.995590e-02
9.000000e+03 1.859419e+00 3.723555e-01 2.141133e-02
9.100000e+03 1.688181e+00 3.734053e-01 2.514947e-02
9.200000e+03 1.753874e+00 3.743582e-01 1.836321e-02
9.300000e+03 2.075927e+00 3.758551e-01 1.497530e-02
9.400000e+03 2.042114e+00 3.730665e-01 2.649787e-02
9.500000e+03 1.838623e+00 3.741404e-01 1.566880e-02
9.600000e+03 1.825651e+00 3.724079e-01 2.890738e-02
9.700000e+03 1.842132e+00 3.715314e-01 3.744121e-02
9.800000e+03 1.797910e+00 3.723075e-01 2.513413e-02
9.900000e+03 1.841797e+00 3.748469e-01 2.661214e-02
1.000000e+04 1.851172e+00 3.755348e-01 1.282585e-02
1.010000e+04 1.882743e+00 3.742891e-01 1.556956e-02
1.020000e+04 1.780529e+00 3.749602e-01 1.016289e-02
1.030000e+04 1.652160e+00 3.734688e-01 2.930743e-02
1.040000e+04 1.597397e+00 3.735411e-01 3.310218e-02
1.050000e+04 1.683023e+00 3.751187e-01 2.051681e-02
1.060000e+04 1.739007e+00 3.746862e-01 1.886002e-02
1.070000e+04 1.761633e+00 3.742671e-01 1.314383e-02
1.080000e+04 1.861744e+00 3.746911e-01 1.324476e-02
1.090000e+04 1.881093e+00 3.741405e-01 2.459176e-02
1.100000e+04 1.985397e+00 3.734245e-01 8.019239e-03
1.110000e+04 2.024124e+00 3.729101e-01 1.108346e-02
1.120000e+04 2.015521e+00 3.728339e-01 9.862296e-03
1.130000e+04 2.018563e+00 3.720656e-01 1.283751e-02
1.140000e+04 2.217467e+00 3.734128e-01 1.050624e-02
1.150000e+04 1.999961e+00 3.729465e-01 1.201553e-02
1.160000e+04 1.988361e+00 3.727212e-01 1.521390e-02
1.170000e+04 2.255537e+00 3.733046e-01 1.618493e-02
1.180000e+04 2.311422e+00 3.730912e-01 2.136876e-02
1.190000e+04 2.241364e+00 3.726028e-01 4.209951e-02
1.200000e+04 2.119340e+00 3.728749e-01 1.272625e-02
1.210000e+04 2.211863e+00 3.722229e-01 2.114312e-02
1.220000e+04 2.208270e+00 3.737272e-01 1.344092e-02
1.230000e+04 2.318413e+00 3.735229e-01 1.141118e-02
1.240000e+04 2.268146e+00 3.730783e-01 7.270691e-03
1.250000e+04 2.303087e+00 3.734370e-01 7.520891e-03
1.260000e+04 2.262869e+00 3.728683e-01 1.137562e-02
1.270000e+04 2.188507e+00 3.721972e-01 1.162899e-02
1.280000e+04 2.232273e+00 3.732779e-01 4.637053e-03
1.290000e+04 2.304465e+00 3.721015e-01 2.821428e-02
1.300000e+04 2.412545e+00 3.712723e-01 1.424698e-02
1.310000e+04 2.298499e+00 3.709915e-01 1.540111e-02
1.320000e+04 2.265348e+00 3.714697e-01 9.361180e-03
1.330000e+04 2.343276e+00 3.707300e-01 1.332904e-02
1.340000e+04 2.258754e+00 3.711783e-01 1.116124e-02
1.350000e+04 2.178251e+00 3.717787e-01 1.592995e-02
1.360000e+04 2.222537e+00 3.700181e-01 1.725076e-02
1.370000e+04 2.253463e+00 3.705051e-01 1.026211e-02
1.380000e+04 2.300399e+00 3.721392e-01 2.265973e-02
1.390000e+04 2.231447e+00 3.716950e-01 1.460537e-02
1.400000e+04 2.035350e+00 3.715392e-01 4.175659e-03
1.410000e+04 1.947384e+00 3.707979e-01 7.227835e-03
1.420000e+04 1.997156e+00 3.706453e-01 7.684330e-03
1.430000e+04 2.012172e+00 3.703559e-01 1.149479e-02
1.440000e+04 2.178527e+00 3.703455e-01 1.093522e-02
1.450000e+04 2.025249e+00 3.702219e-01 1.206060e-02
1.460000e+04 2.110701e+00 3.694853e-01 1.282472e-02
1.470000e+04 2.312247e+00 3.689664e-01 4.762430e-03
1.480000e+04 2.491203e+00 3.691513e-01 6.938298e-03
1.490000e+04 2.335450e+00 3.707080e-01 5.797929e-03
1.500000e+04 2.432417e+00 3.694811e-01 4.715081e-03
1.510000e+04 2.630359e+00 3.680265e-01 4.740798e-03
1.520000e+04 2.587582e+00 3.682933e-01 3.652764e-03
1.530000e+04 2.674867e+00 3.681950e-01 1.239848e-02
1.540000e+04 2.652435e+00 3.676507e-01 1.125822e-02
1.550000e+04 2.612702e+00 3.682598e-01 5.218170e-03
1.560000e+04 2.735305e+00 3.668010e-01 1.523147e-02
1.570000e+04 2.734661e+00 3.673326e-01 6.503535e-03
1.580000e+04 2.578453e+00 3.672720e-01 1.178023e-02
1.590000e+04 2.467182e+00 3.667690e-01 6.640273e-03
1.600000e+04 2.610279e+00 3.666691e-01 9.742836e-03
1.610000e+04 2.659330e+00 3.667380e-01 2.858958e-03
1.620000e+04 2.708158e+00 3.679072e-01 1.658543e-02
1.630000e+04 2.676905e+00 3.667296e-01 4.157055e-03
1.640000e+04 2.455769e+00 3.663889e-01 3.282641e-03
1.650000e+04 2.426808e+00 3.663170e-01 5.795022e-03
1.660000e+04 2.127116e+00 3.658482e-01 9.543676e-03
1.670000e+04 1.890735e+00 3.665778e-01 5.054219e-03
1.680000e+04 1.726355e+00 3.660238e-01 1.049233e-02
1.690000e+04 1.770777e+00 3.663201e-01 7.206592e-03
1.700000e+04 1.691755e+00 3.659993e-01 5.728338e-03
1.710000e+04 1.567653e+00 3.654912e-01 4.047572e-03
1.720000e+04 1.600750e+00 3.651918e-01 7.459741e-03
1.730000e+04 1.535069e+00 3.648375e-01 7.183557e-03
1.740000e+04 1.547356e+00 3.636754e-01 5.289176e-03
1.750000e+04 1.467714e+00 3.643243e-01 4.984053e-03
1.760000e+04 1.363671e+00 3.639820e-01 6.655534e-03
1.770000e+04 1.361203e+00 3.633277e-01 1.165693e-02
1.780000e+04 1.379863e+00 3.633949e-01 1.269305e-02
1.790000e+04 1.262675e+00 3.637279e-01 8.638740e-03
1.800000e+04 1.243727e+00 3.631377e-01 3.695635e-03
1.810000e+04 1.246560e+00 3.628678e-01 1.010163e-02
1.820000e+04 1.283841e+00 3.620440e-01 1.709035e-02
1.830000e+04 1.360456e+00 3.625312e-01 8.282290e-03
1.840000e+04 1.403945e+00 3.616675e-01 2.491134e-03
1.850000e+04 1.507331e+00 3.616445e-01 2.660217e-03
1.860000e+04 1.518128e+00 3.616715e-01 3.102733e-03
1.870000e+04 1.505731e+00 3.613219e-01 5.309384e-03
1.880000e+04 1.460645e+00 3.608420e-01 9.378746e-03
1.890000e+04 1.475475e+00 3.612953e-01 6.011913e-03
1.900000e+04 1.564685e+00 3.609357e-01 1.309628e-02
1.910000e+04 1.496183e+00 3.605033e-01 4.645108e-03
1.920000e+04 1.594747e+00 3.602650e-01 9.786753e-03
1.930000e+04 1.579382e+00 3.601358e-01 6.647895e-03
1.940000e+04 1.595122e+00 3.596552e-01 4.283909e-03
1.950000e+04 1.637459e+00 3.591011e-01 9.628428e-03
1.960000e+04 1.660780e+00 3.590066e-01 4.117719e-03
1.970000e+04 1.724542e+00 3.594027e-01 3.630314e-03
1.980000e+04 1.828283e+00 3.586395e-01 1.584046e-03
1.990000e+04 1.793755e+00 3.579075e-01 4.011179e-03
2.000000e+04 1.728883e+00 3.585801e-01 8.226851e-03
2.010000e+04 1.718947e+00 3.581767e-01 8.217864e-03
2.020000e+04 1.830918e+00 3.579336e-01 4.941688e-03
2.030000e+04 1.821527e+00 3.582113e-01 1.806207e-03
2.040000e+04 1.831365e+00 3.574721e-01 1.003759e-02
2.050000e+04 1.869710e+00 3.573309e-01 5.398829e-03
2.060000e+04 1.949301e+00 3.573085e-01 5.485353e-03
2.070000e+04 1.970429e+00 3.568906e-01 3.078865e-03
2.080000e+04 1.934870e+00 3.566125e-01 1.966341e-03
2.090000e+04 1.978114e+00 3.559120e-01 3.385331e-03
2.100000e+04 2.103396e+00 3.559769e-01 1.312268e-03
2.110000e+04 2.072539e+00 3.554559e-01 4.091309e-03
2.120000e+04 2.178946e+00 3.557287e-01 1.059612e-03
2.130000e+04 2.238205e+00 3.550748e-01 3.485989e-03
2.140000e+04 2.258355e+00 3.556077e-01 4.806546e-03
2.150000e+04 2.287984e+00 3.545343e-01 1.067426e-02
2.160000e+04 2.331794e+00 3.543747e-01 4.230380e-03
2.170000e+04 2.443046e+00 3.539507e-01 8.093128e-03
2.180000e+04 2.439871e+00 3.538020e-01 2.861484e-03
2.190000e+04 2.373907e+00 3.536210e-01 2.403941e-03
2.200000e+04 2.384978e+00 3.533309e-01 1.387829e-03
2.210000e+04 2.290296e+00 3.530413e-01 2.586440e-03
2.220000e+04 2.244491e+00 3.523701e-01 2.483611e-03
2.230000e+04 2.175380e+00 3.525803e-01 3.564818e-03
2.240000e+04 2.188821e+00 3.521416e-01 9.615841e-04
2.250000e+04 2.265542e+00 3.518304e-01 5.112615e-03
2.260000e+04 2.186059e+00 3.517718e-01 4.786501e-03
2.270000e+04 2.153266e+00 3.511469e-01 4.261068e-03
2.280000e+04 2.125467e+00 3.513512e-01 1.785379e-03
2.290000e+04 2.153539e+00 3.510766e-01 1.403519e-03
2.300000e+04 2.147651e+00 3.507743e-01 2.977363e-03
2.310000e+04 2.145612e+00 3.500976e-01 2.696327e-03
2.320000e+04 2.132569e+00 3.498936e-01 2.800829e-03
2.330000e+04 2.216076e+00 3.493100e-01 1.805334e-03
2.340000e+04 2.252725e+00 3.492694e-01 3.926729e-03
2.350000e+04 2.245357e+00 3.489972e-01 2.666966e-03
2.360000e+04 2.196578e+00 3.483618e-01 6.556918e-03
2.370000e+04 2.194718e+00 3.483236e-01 5.529288e-03
2.380000e+04 2.255583e+00 3.481963e-01 1.170470e-02
2.390000e+04 2.254040e+00 3.480105e-01 5.870076e-03
2.400000e+04 2.242842e+00 3.476881e-01 4.136976e-03
2.410000e+04 2.175585e+00 3.470050e-01 3.299487e-03
2.420000e+04 2.194877e+00 3.470690e-01 2.576415e-03
2.430000e+04 2.150930e+00 3.468457e-01 2.859963e-03
2.440000e+04 2.184543e+00 3.466802e-01 2.468907e-03
2.450000e+04 2.221013e+00 3.464527e-01 1.325881e-03
2.460000e+04 2.255927e+00 3.458501e-01 4.540912e-03
2.470000e+04 2.270616e+00 3.456699e-01 5.472702e-03
2.480000e+04 2.262906e+00 3.451464e-01 6.087101e-03
2.490000e+04 2.252648e+00 3.451579e-01 3.512648e-03
2.500000e+04 2.243194e+00 3.448914e-01 1.276297e-03
2.510000e+04 2.180107e+00 3.445302e-01 9.348558e-04
2.520000e+04 2.188081e+00 3.443349e-01 2.931694e-03
2.530000e+04 2.194889e+00 3.443809e-01 4.056721e-03
2.540000e+04 2.214537e+00 3.439030e-01 2.659203e-03
2.550000e+04 2.247377e+00 3.434232e-01 2.221666e-03
2.560000e+04 2.271311e+00 3.432599e-01 1.642709e-03
2.570000e+04 2.210108e+00 3.430963e-01 2.923844e-03
2.580000e+04 2.223417e+00 3.426107e-01 2.488384e-03
2.590000e+04 2.245835e+00 3.423744e-01 9.478022e-03
2.600000e+04 2.346972e+00 3.419430e-01 3.449074e-03
2.610000e+04 2.348136e+00 3.416590e-01 4.009563e-03
2.620000e+04 2.331459e+00 3.412801e-01 2.696114e-03
2.630000e+04 2.303408e+00 3.408691e-01 3.218758e-03
2.640000e+04 2.316699e+00 3.409252e-01 3.349902e-03
2.650000e+04 2.319909e+00 3.405501e-01 9.525275e-03
2.660000e+04 2.346898e+00 3.401845e-01 1.674441e-03
2.670000e+04 2.358773e+00 3.397837e-01 2.015395e-03
2.680000e+04 2.337948e+00 3.393981e-01 3.918615e-03
2.690000e+04 2.381607e+00 3.392891e-01 3.044713e-03
2.700000e+04 2.354882e+00 3.388312e-01 1.569919e-03
2.710000e+04 2.333278e+00 3.385453e-01 1.648296e-03
2.720000e+04 2.247024e+00 3.384050e-01 3.353165e-03
2.730000e+04 2.211496e+00 3.381295e-01 2.583442e-03
2.740000e+04 2.230823e+00 3.377491e-01 4.216579e-03
2.750000e+04 2.259066e+00 3.378303e-01 3.171300e-03
2.760000e+04 2.260992e+00 3.375120e-01 4.273670e-03
2.770000e+04 2.255572e+00 3.371700e-01 4.585256e-03
2.780000e+04 2.306616e+00 3.367563e-01 2.538402e-03
2.790000e+04 2.295161e+00 3.367422e-01 1.697147e-03
2.800000e+04 2.297341e+00 3.363594e-01 1.627708e-03
2.810000e+04 2.339208e+00 3.360649e-01 2.408863e-03
2.820000e+04 2.351329e+00 3.355397e-01 4.434723e-03
2.830000e+04 2.347698e+00 3.355629e-01 2.943877e-03
2.840000e+04 2.340316e+00 3.351544e-01 1.867892e-03
2.850000e+04 2.348637e+00 3.351126e-01 3.948883e-03
2.860000e+04 2.381200e+00 3.346255e-01 2.045923e-03
2.870000e+04 2.408877e+00 3.343485e-01 1.171430e-03
2.880000e+04 2.430076e+00 3.341013e-01 6.409732e-03
2.890000e+04 2.404083e+00 3.341117e-01 2.152099e-03
2.900000e+04 2.386185e+00 3.337116e-01 1.859297e-03
2.910000e+04 2.386914e+00 3.333399e-01 3.620318e-03
2.920000e+04 2.357578e+00 3.329552e-01 1.585377e-03
2.930000e+04 2.356419e+00 3.331142e-01 4.992185e-03
2.940000e+04 2.356928e+00 3.325450e-01 2.408452e-03
2.950000e+04 2.361051e+00 3.322465e-01 9.300363e-04
2.960000e+04 2.377950e+00 3.319957e-01 9.169800e-04
2.970000e+04 2.393308e+00 3.315070e-01 1.677103e-03
2.980000e+04 2.387482e+00 3.312210e-01 3.426677e-03
2.990000e+04 2.404945e+00 3.309756e-01 2.255394e-03
3.000000e+04 2.413988e+00 3.306790e-01 1.743709e-03
3.010000e+04 2.375736e+00 3.304744e-01 7.790764e-04
3.020000e+04 2.381085e+00 3.300778e-01 8.483782e-04
3.030000e+04 2.383424e+00 3.296226e-01 2.658028e-03
3.040000e+04 2.401554e+00 3.294568e-01 2.408729e-03
3.050000e+04 2.419878e+00 3.291925e-01 2.195675e-03
3.060000e+04 2.417282e+00 3.290115e-01 1.116321e-03
3.070000e+04 2.417168e+00 3.285873e-01 1.655812e-03
3.080000e+04 2.425627e+00 3.283480e-01 8.085455e-04
3.090000e+04 2.421952e+00 3.282159e-01 2.311495e-03
3.100000e+04 2.423969e+00 3.278239e-01 3.828759e-03
3.110000e+04 2.425102e+00 3.274702e-01 2.413517e-03
3.120000e+04 2.425112e+00 3.274693e-01 1.574266e-03
3.130000e+04 2.442810e+00 3.270054e-01 2.519070e-03
3.140000e+04 2.454272e+00 3.267443e-01 7.312466e-04
3.150000e+04 2.454139e+00 3.263117e-01 9.076729e-04
3.160000e+04 2.448286e+00 3.258842e-01 2.628084e-03
3.170000e+04 2.449116e+00 3.257316e-01 2.204992e-03
3.180000e+04 2.437219e+00 3.254048e-01 1.227360e-03
3.190000e+04 2.449721e+00 3.253267e-01 2.763026e-03
3.200000e+04 2.430769e+00 3.249854e-01 1.544274e-03
3.210000e+04 2.441044e+00 3.246804e-01 2.439803e-03
3.220000e+04 2.437716e+00 3.244540e-01 1.635384e-03
3.230000e+04 2.433281e+00 3.241480e-01 2.469795e-03
3.240000e+04 2.429981e+00 3.239221e-01 2.746147e-03
3.250000e+04 2.426535e+00 3.237408e-01 7.348095e-04
3.260000e+04 2.455130e+00 3.233706e-01 1.996768e-03
3.270000e+04 2.452800e+00 3.230631e-01 1.702451e-03
3.280000e+04 2.472208e+00 3.226604e-01 1.426733e-03
3.290000e+04 2.448786e+00 3.225080e-01 1.389038e-03
3.300000e+04 2.464073e+00 3.222581e-01 1.186875e-03
3.310000e+04 2.478894e+00 3.219204e-01 8.529046e-04
3.320000e+04 2.479522e+00 3.215606e-01 5.558971e-04
3.330000e+04 2.454508e+00 3.213541e-01 1.439062e-03
3.340000e+04 2.459291e+00 3.211339e-01 1.151869e-03
3.350000e+04 2.459683e+00 3.207635e-01 6.971531e-04
3.360000e+04 2.440273e+00 3.205187e-01 1.766480e-03
3.370000e+04 2.436958e+00 3.200643e-01 9.629196e-04
3.380000e+04 2.443837e+00 3.199169e-01 1.149281e-03
3.390000e+04 2.437879e+00 3.196315e-01 1.425306e-03
3.400000e+04 2.430329e+00 3.193135e-01 9.773736e-04
3.410000e+04 2.436777e+00 3.191722e-01 9.506650e-04
3.420000e+04 2.435473e+00 3.188287e-01 9.224364e-04
3.430000e+04 2.444481e+00 3.186536e-01 1.159743e-03
3.440000e+04 2.438796e+00 3.182452e-01 1.450077e-03
3.450000e+04 2.431462e+00 3.178635e-01 1.805938e-03
3.460000e+04 2.427744e+00 3.178476e-01 9.638516e-04
3.470000e+04 2.441972e+00 3.174645e-01 2.261692e-03
3.480000e+04 2.444868e+00 3.171742e-01 8.610411e-04
3.490000e+04 2.458793e+00 3.168949e-01 1.198093e-03
3.500000e+04 2.441337e+00 3.168113e-01 1.439710e-03
3.510000e+04 2.442986e+00 3.165279e-01 1.740632e-03
3.520000e+04 2.458645e+00 3.162438e-01 1.704120e-03
3.530000e+04 2.456023e+00 3.159778e-01 1.117695e-03
3.540000e+04 2.461236e+00 3.158163e-01 8.128014e-04
3.550000e+04 2.481244e+00 3.155956e-01 1.506106e-03
3.560000e+04 2.459131e+00 3.150711e-01 8.892466e-04
3.570000e+04 2.469284e+00 3.149599e-01 6.441449e-04
3.580000e+04 2.476285e+00 3.146641e-01 1.146564e-03
3.590000e+04 2.473177e+00 3.142999e-01 1.229516e-03
3.600000e+04 2.484080e+00 3.140418e-01 1.395453e-03
3.610000e+04 2.481164e+00 3.138021e-01 1.343517e-03
3.620000e+04 2.484013e+00 3.134886e-01 7.871599e-04
3.630000e+04 2.493223e+00 3.132863e-01 2.685221e-03
3.640000e+04 2.499816e+00 3.129328e-01 1.085962e-03
3.650000e+04 2.499348e+00 3.127389e-01 1.666220e-03
3.660000e+04 2.490545e+00 3.124157e-01 1.733064e-03
3.670000e+04 2.493117e+00 3.120904e-01 1.977051e-03
3.680000e+04 2.497424e+00 3.118923e-01 2.020186e-03
3.690000e+04 2.495370e+00 3.115617e-01 7.371971e-04
3.700000e+04 2.499878e+00 3.113530e-01 1.105929e-03
3.710000e+04 2.508709e+00 3.111420e-01 1.570731e-03
3.720000e+04 2.512678e+00 3.107188e-01 1.045162e-03
3.730000e+04 2.513827e+00 3.106935e-01 6.131058e-04
3.740000e+04 2.507956e+00 3.103647e-01 1.557259e-03
3.750000e+04 2.512217e+00 3.101253e-01 1.437613e-03
3.760000e+04 2.506605e+00 3.098896e-01 3.746076e-04
3.770000e+04 2.505827e+00 3.096044e-01 1.166600e-03
3.780000e+04 2.511533e+00 3.092885e-01 1.175670e-03
3.790000e+04 2.509359e+00 3.090354e-01 5.589501e-04
3.800000e+04 2.503486e+00 3.086622e-01 1.275593e-03
3.810000e+04 2.506941e+00 3.085513e-01 2.234462e-03
3.820000e+04 2.510328e+00 3.084246e-01 7.476615e-04
3.830000e+04 2.512902e+00 3.080231e-01 9.564946e-04
3.840000e+04 2.524250e+00 3.077835e-01 1.084995e-03
3.850000e+04 2.518749e+00 3.074463e-01 1.207792e-03
3.860000e+04 2.517609e+00 3.073112e-01 8.281286e-04
3.870000e+04 2.531906e+00 3.070099e-01 9.142893e-04
3.880000e+04 2.544056e+00 3.068412e-01 7.346803e-04
3.890000e+04 2.543777e+00 3.065490e-01 6.021236e-04
3.900000e+04 2.543261e+00 3.062429e-01 7.413396e-04
3.910000e+04 2.538121e+00 3.060438e-01 1.110441e-03
3.920000e+04 2.551363e+00 3.058326e-01 9.419617e-04
3.930000e+04 2.554486e+00 3.055478e-01 1.240480e-03
3.940000e+04 2.560779e+00 3.052784e-01 5.415736e-04
3.950000e+04 2.565116e+00 3.048990e-01 8.990492e-04
3.960000e+04 2.566042e+00 3.047965e-01 8.036786e-04
3.970000e+04 2.574969e+00 3.045660e-01 7.596332e-04
3.980000e+04 2.560746e+00 3.044289e-01 8.232737e-04
3.990000e+04 2.563951e+00 3.041567e-01 6.141937e-04
