2.081483e+09
1.939649e+09
1.132890e+09
1.076112e+09
1.036391e+09
9.570265e+08
9.079923e+08
8.228310e+08
7.677411e+08
7.328564e+08
7.082848e+08
6.842358e+08
6.601135e+08
6.529529e+08
6.230053e+08
6.037098e+08
5.833628e+08
5.645412e+08
5.643206e+08
5.525492e+08
5.253986e+08
5.162868e+08
5.045502e+08
4.833683e+08
4.618609e+08
4.508116e+08
4.464629e+08
4.430181e+08
4.299209e+08
4.133242e+08
4.115068e+08
4.012004e+08
3.802036e+08
3.767917e+08
3.568431e+08
3.510088e+08
3.448325e+08
3.345379e+08
3.238404e+08
3.204374e+08
3.095418e+08
3.014919e+08
2.925804e+08
2.897911e+08
2.800045e+08
2.661223e+08
2.563262e+08
2.441892e+08
2.348446e+08
2.220813e+08
2.049181e+08
1.695684e+08
1.493825e+08
1.301516e+08
1.168657e+08
7.332526e+07
4.199958e+07
2.138908e+07
1.373396e+07
1.071197e+07
6.816626e+06
4.848432e+06
3.759025e+06
2.545793e+06
