3.022431e+09
2.622433e+09
1.586129e+09
1.445131e+09
1.362204e+09
1.323766e+09
1.219932e+09
1.166658e+09
1.115028e+09
1.064505e+09
1.006738e+09
9.767671e+08
9.400256e+08
9.051935e+08
8.776653e+08
8.520166e+08
7.986120e+08
7.840546e+08
7.691806e+08
7.602851e+08
7.503908e+08
7.087327e+08
7.049161e+08
7.031983e+08
6.636313e+08
6.305008e+08
6.118157e+08
5.988856e+08
5.806468e+08
5.575044e+08
5.441643e+08
5.300077e+08
5.154689e+08
5.138613e+08
5.024457e+08
4.892362e+08
4.849713e+08
4.714904e+08
4.590148e+08
4.431592e+08
4.310385e+08
4.275481e+08
4.161864e+08
3.987154e+08
3.926397e+08
3.874901e+08
3.699005e+08
3.591128e+08
3.418492e+08
3.279149e+08
3.118337e+08
2.248342e+08
1.955853e+08
1.747079e+08
1.564710e+08
9.716431e+07
5.827937e+07
3.131489e+07
1.996984e+07
1.840778e+07
1.296007e+07
9.944472e+06
7.894336e+06
4.374844e+06
