# iteration  loss_bc  loss_res  l2_error
0.000000e+00 1.032382e+00 1.755026e+05 1.583800e+00
1.000000e+02 1.195868e+00 4.020173e+01 7.003405e-01
2.000000e+02 5.338964e-01 1.485588e+01 4.092800e-01
3.000000e+02 4.015504e-01 9.245123e+00 3.302537e-01
4.000000e+02 3.661839e-01 4.863288e+00 3.116034e-01
5.000000e+02 3.277783e-01 3.708579e+00 2.960083e-01
6.000000e+02 2.892556e-01 2.962516e+00 2.767245e-01
7.000000e+02 2.490690e-01 1.869393e+00 2.566319e-01
8.000000e+02 2.140592e-01 1.594269e+00 2.400175e-01
9.000000e+02 1.797512e-01 1.663302e+00 2.191403e-01
1.000000e+03 1.489946e-01 1.100442e+00 1.996127e-01
1.100000e+03 1.245147e-01 7.879674e-01 1.822056e-01
1.200000e+03 1.015622e-01 1.159295e+00 1.651918e-01
1.300000e+03 8.286679e-02 7.905912e-01 1.469488e-01
1.400000e+03 6.591880e-02 7.519375e-01 1.334639e-01
1.500000e+03 5.267791e-02 6.173257e-01 1.183128e-01
1.600000e+03 4.055790e-02 8.272062e-01 1.046091e-01
1.700000e+03 3.197785e-02 5.025816e-01 9.276139e-02
1.800000e+03 2.462058e-02 5.666901e-01 8.163485e-02
1.900000e+03 1.895401e-02 6.345909e-01 7.205447e-02
2.000000e+03 1.422537e-02 3.535464e-01 6.194377e-02
2.100000e+03 1.070337e-02 4.544916e-01 5.320945e-02
2.200000e+03 7.913698e-03 5.564263e-01 4.573303e-02
2.300000e+03 5.766707e-03 4.846458e-01 3.820727e-02
2.400000e+03 4.324036e-03 6.523862e-01 3.379762e-02
2.500000e+03 2.828963e-03 7.010557e-01 2.751184e-02
2.600000e+03 2.009932e-03 4.806823e-01 2.353347e-02
2.700000e+03 1.332687e-03 8.283595e-01 1.964119e-02
2.800000e+03 8.027292e-04 5.917761e-01 1.469812e-02
2.900000e+03 6.039505e-04 9.043005e-01 1.244357e-02
3.000000e+03 4.175173e-04 5.225192e-01 1.012418e-02
3.100000e+03 4.010274e-04 2.210290e+00 9.431251e-03
3.200000e+03 1.913160e-04 1.129979e+00 6.473031e-03
3.300000e+03 9.946760e-05 1.696038e+00 6.312574e-03
3.400000e+03 8.230063e-05 1.183706e+00 7.180260e-03
3.500000e+03 1.021241e-04 3.617579e+00 9.485393e-03
3.600000e+03 1.844997e-04 1.185915e+01 1.009893e-02
3.700000e+03 1.733520e-04 2.721359e+00 6.645953e-03
3.800000e+03 1.695927e-04 2.820807e+00 8.344680e-03
3.900000e+03 4.472192e-05 5.969876e+00 4.401683e-03
4.000000e+03 1.072226e-04 5.810595e+00 6.539924e-03
4.100000e+03 2.255170e-05 1.308028e+01 7.782263e-03
4.200000e+03 9.231465e-05 5.227949e+00 1.094208e-02
4.300000e+03 4.768730e-04 9.509077e+00 1.230771e-02
4.400000e+03 1.530885e-03 3.361098e+01 3.744264e-02
4.500000e+03 6.856587e-04 6.222679e+00 1.688785e-02
4.600000e+03 5.059963e-04 1.502566e+00 1.392421e-02
4.700000e+03 3.218001e-04 3.279188e-01 8.069173e-03
4.800000e+03 1.718370e-04 4.241385e-01 8.280164e-03
4.900000e+03 4.565068e-05 7.525244e-01 4.567535e-03
5.000000e+03 3.504011e-05 8.589973e-01 4.380495e-03
5.100000e+03 4.639400e-05 9.349234e-01 3.974146e-03
5.200000e+03 8.945723e-06 1.621856e+00 3.070585e-03
5.300000e+03 8.429227e-06 1.297785e+00 5.889969e-03
5.400000e+03 5.945047e-06 1.749393e+01 1.706458e-02
5.500000e+03 3.442732e-04 3.643382e+01 4.280286e-02
5.600000e+03 5.127510e-04 7.125613e+00 1.821204e-02
5.700000e+03 1.800170e-04 7.321432e-01 8.877539e-03
5.800000e+03 6.970137e-05 2.216903e-01 5.152906e-03
5.900000e+03 2.263114e-05 5.866612e-01 2.870322e-03
6.000000e+03 2.026058e-05 4.064530e-01 1.523195e-03
6.100000e+03 7.166228e-07 7.125838e-01 1.982239e-03
6.200000e+03 6.309828e-05 1.002950e+01 8.511795e-03
6.300000e+03 3.376280e-05 2.790347e+00 4.766529e-03
6.400000e+03 9.355920e-06 1.171740e+00 3.775839e-03
6.500000e+03 1.182620e-05 1.374307e+00 3.165567e-03
6.600000e+03 1.725637e-05 4.080095e+00 1.243387e-02
6.700000e+03 2.941053e-04 8.520955e+00 1.260567e-02
6.800000e+03 1.573386e-05 4.935025e+00 7.946850e-03
6.900000e+03 6.878504e-05 8.383129e+00 8.044846e-03
7.000000e+03 1.989219e-05 6.667311e+00 1.770775e-02
7.100000e+03 3.105935e-05 4.757319e+00 1.171931e-02
7.200000e+03 2.718533e-05 8.193956e+00 8.527640e-03
7.300000e+03 1.061492e-04 1.182659e+01 8.558536e-03
7.400000e+03 1.044748e-04 2.356930e+00 4.460776e-03
7.500000e+03 5.425152e-05 2.263473e-01 6.662859e-03
7.600000e+03 3.783382e-05 2.226162e-01 3.582760e-03
7.700000e+03 6.376908e-06 2.490792e-01 2.223964e-03
7.800000e+03 8.389346e-06 1.482507e-01 1.654669e-03
7.900000e+03 7.025215e-07 6.600546e-01 1.718248e-03
8.000000e+03 4.571629e-05 3.460299e+00 5.476629e-03
8.100000e+03 3.098621e-05 1.889291e+01 1.556759e-02
8.200000e+03 5.283092e-05 6.928811e+00 1.536238e-02
8.300000e+03 3.913416e-05 1.016154e+00 5.928635e-03
8.400000e+03 7.783005e-06 7.615331e-01 3.973606e-03
8.500000e+03 4.561522e-06 1.246980e-01 1.048452e-03
8.600000e+03 1.971969e-06 3.332687e-01 2.051709e-03
8.700000e+03 1.064757e-05 1.055508e+00 4.220584e-03
8.800000e+03 1.396401e-05 1.863630e+00 6.429108e-03
8.900000e+03 1.109005e-06 1.757280e+00 4.482715e-03
9.000000e+03 2.000304e-05 2.772193e+00 5.382537e-03
9.100000e+03 1.755108e-05 4.268243e+00 9.842428e-03
9.200000e+03 1.340259e-04 3.578780e+00 7.424618e-03
9.300000e+03 3.501873e-05 1.082568e+00 8.889886e-03
9.400000e+03 1.006480e-05 2.656515e+00 6.705307e-03
9.500000e+03 1.554487e-05 1.162050e+00 6.064063e-03
9.600000e+03 8.002920e-06 4.967977e-01 2.568254e-03
9.700000e+03 5.296324e-06 4.171526e-01 2.977769e-03
9.800000e+03 2.483493e-05 1.417871e+00 2.165628e-03
9.900000e+03 7.773982e-07 1.595650e+01 1.153808e-02
1.000000e+04 1.298547e-04 8.242214e+00 1.512608e-02
1.010000e+04 9.603691e-05 2.353368e+00 8.417506e-03
1.020000e+04 9.673406e-06 7.351636e-01 3.411557e-03
1.030000e+04 5.306782e-06 8.028536e-01 1.731542e-03
1.040000e+04 7.931779e-06 9.777017e-01 4.178659e-03
1.050000e+04 6.604469e-06 4.807623e-01 2.434729e-03
1.060000e+04 8.205664e-06 7.182147e-01 3.076485e-03
1.070000e+04 2.943675e-07 2.574701e-01 1.891181e-03
1.080000e+04 2.209870e-06 9.985171e-02 1.623001e-03
1.090000e+04 7.181996e-06 5.189753e-01 2.861767e-03
1.100000e+04 1.327469e-06 1.042499e+00 3.001536e-03
1.110000e+04 1.335456e-05 8.929386e-01 6.652176e-03
1.120000e+04 1.252411e-04 6.813093e+00 1.217875e-02
1.130000e+04 1.759825e-05 1.089796e+00 3.716952e-03
1.140000e+04 1.596982e-05 5.871799e-01 5.600134e-03
1.150000e+04 9.293933e-06 2.677856e-01 4.092815e-03
1.160000e+04 1.371608e-05 1.105215e+00 4.442735e-03
1.170000e+04 2.802882e-07 7.479979e-01 5.251628e-03
1.180000e+04 6.525945e-06 1.382622e+00 3.386649e-03
1.190000e+04 9.854676e-06 3.303498e+00 5.027356e-03
1.200000e+04 6.696605e-05 1.021992e+00 6.249802e-03
1.210000e+04 2.067211e-06 4.667245e-01 2.333791e-03
1.220000e+04 2.704533e-06 2.896358e-01 1.445767e-03
1.230000e+04 8.020641e-07 1.771000e-01 3.339905e-03
1.240000e+04 1.607790e-05 2.578187e-01 2.397112e-03
1.250000e+04 9.691110e-06 1.084236e+00 2.145689e-03
1.260000e+04 1.289872e-04 1.367842e+01 1.227695e-02
1.270000e+04 1.756511e-04 3.624806e+00 1.039590e-02
1.280000e+04 1.184394e-05 5.343564e-01 4.488166e-03
1.290000e+04 8.612534e-06 3.865051e-02 1.783015e-03
1.300000e+04 3.129779e-06 1.399890e-01 1.516111e-03
1.310000e+04 1.001277e-06 1.700771e-01 1.021645e-03
1.320000e+04 7.728388e-06 3.201348e-01 3.237713e-03
1.330000e+04 8.092279e-07 1.558679e-01 1.083706e-03
1.340000e+04 3.843806e-06 4.572042e-01 4.292882e-03
1.350000e+04 1.851371e-05 4.801970e-01 3.025541e-03
1.360000e+04 4.289986e-06 4.941728e-01 2.808844e-03
1.370000e+04 1.250970e-06 4.590512e+00 6.912968e-03
1.380000e+04 1.358249e-06 1.590927e+00 2.629168e-03
1.390000e+04 1.639317e-05 2.267797e+00 3.740280e-03
1.400000e+04 1.279052e-05 1.487830e+00 5.131651e-03
1.410000e+04 1.828615e-06 1.290779e-01 1.905269e-03
1.420000e+04 1.075918e-06 6.338342e-02 1.171731e-03
1.430000e+04 1.101421e-07 3.260715e-02 4.787216e-04
1.440000e+04 2.254138e-06 6.168593e-02 1.754872e-03
1.450000e+04 2.446225e-07 4.620782e-01 4.642891e-03
1.460000e+04 3.264616e-05 1.738956e+00 5.984749e-03
1.470000e+04 9.659863e-06 5.283401e-01 3.544216e-03
1.480000e+04 2.344096e-05 8.192505e-01 2.748562e-03
1.490000e+04 1.964869e-06 1.180529e+00 2.468926e-03
1.500000e+04 9.797756e-07 2.594080e-01 1.704010e-03
1.510000e+04 1.338836e-05 3.800061e-01 6.130071e-03
1.520000e+04 3.128137e-06 2.965514e-01 2.940765e-03
1.530000e+04 1.826279e-06 3.124266e-01 1.742133e-03
1.540000e+04 1.340111e-07 9.361831e-02 3.243675e-03
1.550000e+04 1.161945e-07 1.171474e-01 1.095806e-03
1.560000e+04 6.222584e-06 1.141755e+00 5.942251e-03
1.570000e+04 2.844843e-05 1.619872e+00 8.224862e-03
1.580000e+04 6.557384e-06 4.278237e-01 3.341496e-03
1.590000e+04 3.432588e-06 4.384424e-01 1.247924e-03
1.600000e+04 1.015458e-05 7.666591e-01 3.607563e-03
1.610000e+04 1.935440e-06 2.060158e-01 1.281837e-03
1.620000e+04 3.739680e-06 2.670474e-01 1.528612e-03
1.630000e+04 7.855630e-06 1.984063e-01 8.760516e-04
1.640000e+04 8.501047e-07 2.642706e-01 2.601180e-03
1.650000e+04 2.222422e-07 4.324011e-01 2.312476e-03
1.660000e+04 1.295197e-06 3.369350e-01 6.365945e-03
1.670000e+04 4.404826e-06 6.258357e-01 6.743536e-03
1.680000e+04 1.023923e-05 6.173835e-01 5.845797e-03
1.690000e+04 8.233688e-06 8.716419e-01 5.638081e-03
1.700000e+04 4.329249e-06 1.141956e+00 2.247616e-03
1.710000e+04 4.571924e-07 1.571352e-01 2.109980e-03
1.720000e+04 1.301127e-06 6.951930e-02 9.808623e-04
1.730000e+04 2.329445e-08 7.986918e-02 1.051337e-03
1.740000e+04 3.527623e-08 6.274447e-02 1.106010e-03
1.750000e+04 1.784510e-08 7.684571e-02 1.551677e-03
1.760000e+04 1.389560e-06 2.395613e-01 2.137527e-03
1.770000e+04 1.978299e-06 4.644423e-01 9.238998e-03
1.780000e+04 9.822903e-06 6.822234e-01 4.472707e-03
1.790000e+04 6.744239e-06 3.846245e-01 4.802920e-03
1.800000e+04 6.271418e-06 4.652144e+00 4.631227e-03
1.810000e+04 6.656075e-07 1.246871e-01 9.687064e-04
1.820000e+04 5.951621e-08 2.920176e-02 1.511466e-03
1.830000e+04 1.585092e-06 4.175928e-02 9.116486e-04
1.840000e+04 8.144700e-07 3.036108e-02 1.491671e-03
1.850000e+04 7.814290e-08 7.159124e-02 9.014655e-04
1.860000e+04 2.387797e-06 3.051815e-01 2.609902e-03
1.870000e+04 5.261136e-06 7.020904e-01 2.390527e-03
1.880000e+04 1.286958e-05 2.505563e-01 2.983537e-03
1.890000e+04 5.458283e-06 2.601658e-01 3.058264e-03
1.900000e+04 1.275520e-06 1.734183e-01 2.258613e-03
1.910000e+04 1.420099e-05 1.433149e-01 3.587741e-03
1.920000e+04 1.139267e-06 4.478994e-02 7.634968e-04
1.930000e+04 2.314528e-07 9.789063e-02 1.715804e-03
1.940000e+04 5.184856e-06 1.453847e-01 1.633914e-03
1.950000e+04 5.969588e-05 1.192080e+00 3.432976e-03
1.960000e+04 1.204659e-05 5.624611e-01 2.870125e-03
1.970000e+04 1.217411e-05 2.225581e-01 1.423910e-03
1.980000e+04 1.234538e-06 2.483770e-02 1.087774e-03
1.990000e+04 2.199200e-06 7.378130e-02 9.470088e-04
2.000000e+04 1.440355e-06 5.318221e-02 1.644404e-03
2.010000e+04 6.756159e-08 6.322247e-02 6.503918e-04
2.020000e+04 3.976758e-07 9.900595e-02 1.815792e-03
2.030000e+04 3.667375e-06 1.282087e-01 2.192336e-03
2.040000e+04 2.213417e-07 1.913592e-01 4.742533e-03
2.050000e+04 9.868253e-07 3.456306e-01 1.624345e-03
2.060000e+04 5.979312e-06 3.673560e-01 1.910164e-03
2.070000e+04 2.265669e-07 2.165508e-01 2.469794e-03
2.080000e+04 1.593268e-07 2.352030e-02 6.816216e-04
2.090000e+04 4.791504e-07 1.097581e-01 7.183789e-04
2.100000e+04 5.093835e-07 1.063478e-01 7.812688e-04
2.110000e+04 3.972518e-07 4.913981e-02 1.018996e-03
2.120000e+04 3.037714e-06 7.975144e-01 4.590666e-03
2.130000e+04 8.532257e-06 1.304896e+00 3.259557e-03
2.140000e+04 1.308873e-06 1.163588e-01 2.307105e-03
2.150000e+04 1.782518e-07 6.497486e-02 1.440712e-03
2.160000e+04 7.543719e-08 8.715272e-02 1.600348e-03
2.170000e+04 3.063554e-07 3.129512e-02 5.649643e-04
2.180000e+04 3.960970e-07 2.704565e-02 6.863413e-04
2.190000e+04 6.726050e-07 3.568752e-02 4.535344e-04
2.200000e+04 1.004323e-07 8.514257e-02 1.150567e-03
2.210000e+04 1.580935e-07 7.028319e-02 1.310296e-03
2.220000e+04 5.550253e-06 4.374999e-01 1.882438e-03
2.230000e+04 1.052385e-05 4.520113e-01 2.718710e-03
2.240000e+04 4.720961e-07 1.134652e-01 1.076427e-03
2.250000e+04 8.219900e-07 3.843116e-02 1.207551e-03
2.260000e+04 7.764881e-07 8.783372e-02 1.186932e-03
2.270000e+04 1.178243e-06 3.329034e-02 4.097932e-04
2.280000e+04 1.396442e-06 9.143163e-02 1.427164e-03
2.290000e+04 8.658328e-07 3.011977e-02 1.703247e-03
2.300000e+04 3.350566e-07 2.281264e-02 9.139248e-04
2.310000e+04 4.930429e-07 3.239758e-02 1.409553e-03
2.320000e+04 1.187195e-06 5.512716e-02 2.376477e-03
2.330000e+04 2.575896e-07 8.720687e-02 9.271708e-04
2.340000e+04 2.401121e-06 1.603245e-01 1.513389e-03
2.350000e+04 7.957004e-06 3.421022e-01 2.801776e-03
2.360000e+04 8.836821e-07 6.177834e-02 1.325874e-03
2.370000e+04 5.453297e-06 2.903526e-01 2.679998e-03
2.380000e+04 1.611572e-06 1.544535e-01 6.292689e-04
2.390000e+04 3.018752e-06 8.351515e-02 4.763987e-03
2.400000e+04 1.545278e-07 1.169609e-02 3.501078e-04
2.410000e+04 2.667118e-07 3.738823e-02 8.929211e-04
2.420000e+04 9.777217e-07 3.614364e-01 2.756651e-03
2.430000e+04 8.355700e-06 6.623985e-01 2.695679e-03
2.440000e+04 1.697829e-07 2.166697e-02 6.913126e-04
2.450000e+04 3.060277e-07 1.573734e-02 7.998818e-04
2.460000e+04 1.649034e-08 3.550604e-02 4.095452e-04
2.470000e+04 3.034279e-07 1.648597e-02 5.775071e-04
2.480000e+04 8.977964e-07 2.163374e-02 5.413779e-04
2.490000e+04 3.422847e-07 3.384684e-02 4.640845e-04
2.500000e+04 8.242365e-08 2.643608e-01 1.404298e-03
2.510000e+04 9.673344e-08 6.931305e-02 1.088107e-03
2.520000e+04 9.836360e-07 3.338119e-02 8.575070e-04
2.530000e+04 3.583413e-06 8.506471e-02 8.361428e-04
2.540000e+04 7.503449e-08 4.788582e-02 9.373071e-04
2.550000e+04 7.202641e-08 7.609086e-02 2.511916e-03
2.560000e+04 7.677964e-07 5.528807e-02 6.702277e-04
2.570000e+04 3.232773e-07 2.544528e-02 1.689804e-03
2.580000e+04 6.741610e-07 6.554209e-02 1.840305e-03
2.590000e+04 2.029348e-06 2.922349e-01 2.783294e-03
2.600000e+04 1.725076e-06 6.697945e-02 8.726115e-04
2.610000e+04 1.821837e-07 2.148741e-02 3.630247e-04
2.620000e+04 1.501471e-07 2.231355e-02 1.078250e-03
2.630000e+04 6.476322e-07 3.260767e-02 7.245367e-04
2.640000e+04 5.576308e-07 1.031114e-01 7.040520e-04
2.650000e+04 1.520554e-06 8.727439e-02 1.255223e-03
2.660000e+04 1.510230e-07 1.137269e-01 2.262946e-03
2.670000e+04 6.892661e-07 7.549606e-02 1.160981e-03
2.680000e+04 8.215398e-07 4.776245e-02 1.373524e-03
2.690000e+04 8.270754e-08 1.429393e-02 1.283369e-03
2.700000e+04 2.096980e-07 2.054236e-02 3.676392e-04
2.710000e+04 5.621230e-07 4.573180e-02 5.947424e-04
2.720000e+04 1.996812e-07 6.763445e-02 1.112783e-03
2.730000e+04 1.261333e-07 4.066519e-02 7.281191e-04
2.740000e+04 1.080237e-06 3.676781e-02 7.325023e-04
2.750000e+04 7.298322e-07 2.902857e-02 1.450920e-03
2.760000e+04 6.985300e-07 2.851496e-02 1.009189e-03
2.770000e+04 1.401528e-07 2.044358e-02 5.986323e-04
2.780000e+04 1.415249e-07 9.684627e-02 9.207033e-04
2.790000e+04 6.156570e-07 1.088193e-01 9.998796e-04
2.800000e+04 4.383333e-08 2.086494e-02 3.418311e-04
2.810000e+04 4.508037e-08 7.719482e-02 8.431375e-04
2.820000e+04 8.801317e-07 1.201097e-01 1.823129e-03
2.830000e+04 8.294120e-07 6.614650e-02 1.548129e-03
2.840000e+04 2.533794e-07 2.717000e-02 6.780597e-04
2.850000e+04 2.156438e-07 3.286427e-02 7.968916e-04
2.860000e+04 2.645327e-06 1.440138e-01 1.375627e-03
2.870000e+04 5.284459e-07 2.883456e-02 4.382883e-04
2.880000e+04 7.488828e-08 2.186855e-02 2.528064e-04
2.890000e+04 1.540470e-08 9.902837e-03 6.323751e-04
2.900000e+04 2.191138e-07 2.004342e-02 5.232797e-04
2.910000e+04 2.620179e-07 1.592157e-01 2.505482e-03
2.920000e+04 3.038999e-07 5.830273e-02 6.917942e-04
2.930000e+04 1.038965e-07 4.011817e-02 6.200376e-04
2.940000e+04 3.384094e-08 2.097774e-02 3.063611e-04
2.950000e+04 5.712455e-07 7.866380e-03 4.038555e-04
2.960000e+04 5.961230e-07 5.443046e-02 1.660897e-03
2.970000e+04 2.281742e-08 6.249737e-02 1.125036e-03
2.980000e+04 2.541151e-08 1.928515e-02 5.402625e-04
2.990000e+04 3.408993e-07 2.484239e-02 6.181005e-04
3.000000e+04 1.857130e-06 1.684724e-01 2.982164e-03
3.010000e+04 1.534727e-07 9.847092e-03 6.603113e-04
3.020000e+04 3.548104e-08 5.827818e-03 2.013087e-04
3.030000e+04 1.206803e-07 2.693135e-02 1.114631e-03
3.040000e+04 2.137741e-07 1.008737e-02 1.879784e-04
3.050000e+04 4.558651e-07 1.260562e-02 8.419401e-04
3.060000e+04 1.911408e-07 1.170118e-02 7.704644e-04
3.070000e+04 3.791747e-08 2.327459e-02 1.238914e-03
3.080000e+04 2.930500e-06 2.255599e-01 1.807509e-03
3.090000e+04 8.766638e-07 2.665835e-02 8.799596e-04
3.100000e+04 1.740841e-07 7.597886e-03 4.476781e-04
3.110000e+04 1.767976e-07 8.324547e-03 2.558378e-04
3.120000e+04 2.415575e-07 9.733304e-03 6.353985e-04
3.130000e+04 3.006214e-07 1.484254e-02 4.769363e-04
3.140000e+04 8.517810e-08 1.679920e-02 5.042068e-04
3.150000e+04 3.926828e-07 1.344449e-02 6.654261e-04
3.160000e+04 3.868365e-08 6.973903e-02 1.214333e-03
3.170000e+04 7.579138e-08 1.802088e-02 1.916723e-04
3.180000e+04 4.184056e-07 3.952075e-02 5.329007e-04
3.190000e+04 4.657091e-08 2.160997e-02 4.272310e-04
3.200000e+04 3.010019e-08 2.852932e-02 4.867037e-04
3.210000e+04 1.501787e-07 1.577325e-02 2.739551e-04
3.220000e+04 3.794129e-07 3.415386e-02 3.698540e-04
3.230000e+04 9.397831e-08 1.299031e-02 2.601822e-04
3.240000e+04 3.207888e-07 8.314420e-03 6.430768e-04
3.250000e+04 2.865619e-08 2.446600e-02 1.464453e-03
3.260000e+04 2.943126e-07 2.488965e-02 7.909381e-04
3.270000e+04 1.027681e-07 3.005036e-02 2.733947e-04
3.280000e+04 3.644449e-07 2.733494e-02 3.606239e-04
3.290000e+04 2.565859e-07 2.380032e-02 2.943701e-04
3.300000e+04 4.647954e-07 2.549277e-02 2.629780e-04
3.310000e+04 1.023777e-07 3.181306e-02 9.532583e-04
3.320000e+04 6.416946e-08 1.878295e-02 2.637442e-04
3.330000e+04 2.972706e-08 2.073932e-02 3.465380e-04
3.340000e+04 2.573677e-08 1.225188e-02 4.044239e-04
3.350000e+04 3.238879e-07 2.631203e-02 6.027859e-04
3.360000e+04 1.614572e-07 1.181084e-02 6.711160e-04
3.370000e+04 7.314583e-08 2.537298e-02 1.080372e-03
3.380000e+04 4.120610e-07 1.445573e-02 9.611282e-04
3.390000e+04 5.238225e-08 1.816362e-02 3.850219e-04
3.400000e+04 7.861734e-07 1.401972e-02 4.113923e-04
3.410000e+04 1.231358e-07 1.311597e-02 7.334278e-04
3.420000e+04 2.735171e-07 3.785735e-02 1.323363e-03
3.430000e+04 6.553553e-07 6.030587e-02 5.177955e-04
3.440000e+04 1.099688e-07 1.217392e-02 4.170422e-04
3.450000e+04 8.387874e-08 1.420745e-02 5.110318e-04
3.460000e+04 1.867257e-07 1.400309e-02 5.460432e-04
3.470000e+04 8.153891e-08 1.451403e-02 6.879439e-04
3.480000e+04 2.365610e-09 1.688331e-02 4.550926e-04
3.490000e+04 6.411193e-08 9.934253e-03 8.316820e-04
3.500000e+04 6.228802e-09 1.396019e-02 6.294270e-04
3.510000e+04 4.679768e-07 1.649411e-02 3.546805e-04
3.520000e+04 1.610663e-07 1.656605e-02 1.011603e-03
3.530000e+04 1.054866e-07 5.933329e-03 6.032396e-04
3.540000e+04 9.629957e-09 6.582999e-03 2.491611e-04
3.550000e+04 1.386385e-07 8.334412e-03 5.019103e-04
3.560000e+04 6.434369e-08 1.072578e-02 4.987998e-04
3.570000e+04 2.625332e-08 7.979849e-03 3.982410e-04
3.580000e+04 2.536444e-08 1.485662e-02 4.705378e-04
3.590000e+04 1.729676e-07 1.600183e-02 4.126886e-04
3.600000e+04 7.851765e-08 6.754983e-03 8.743175e-04
3.610000e+04 1.652675e-07 1.345689e-02 7.244430e-04
3.620000e+04 1.166519e-08 1.147216e-02 2.584804e-04
3.630000e+04 3.150208e-07 1.671420e-02 6.350994e-04
3.640000e+04 4.098321e-08 4.924119e-02 1.099920e-03
3.650000e+04 5.578158e-08 7.693390e-03 9.813827e-04
3.660000e+04 8.102495e-08 3.873015e-03 1.556749e-04
3.670000e+04 1.376906e-07 9.401553e-03 6.715584e-04
3.680000e+04 4.329128e-08 6.673518e-03 2.725917e-04
3.690000e+04 1.539214e-07 6.034639e-03 5.625021e-04
3.700000e+04 1.887112e-07 1.160738e-02 4.639965e-04
3.710000e+04 2.432832e-07 8.206918e-03 6.583971e-04
3.720000e+04 2.553322e-08 6.848637e-03 2.285392e-04
3.730000e+04 1.631861e-07 7.423935e-03 4.441392e-04
3.740000e+04 2.005020e-07 5.884363e-03 2.739946e-04
3.750000e+04 6.240453e-08 7.009658e-03 2.614925e-04
3.760000e+04 1.023512e-07 1.039284e-02 5.477645e-04
3.770000e+04 8.546356e-08 5.893468e-03 4.463656e-04
3.780000e+04 1.031217e-07 1.160688e-02 3.859925e-04
3.790000e+04 3.194350e-08 1.245454e-02 5.161343e-04
3.800000e+04 5.148742e-07 1.419572e-02 6.266361e-04
3.810000e+04 2.219603e-07 6.810341e-03 6.492233e-04
3.820000e+04 2.500112e-08 9.495066e-03 4.049421e-04
3.830000e+04 3.267196e-08 5.005265e-03 2.029136e-04
3.840000e+04 5.711447e-08 8.615633e-03 2.676756e-04
3.850000e+04 8.517089e-08 9.790058e-03 3.464273e-04
3.860000e+04 5.650190e-08 9.046114e-03 2.198200e-04
3.870000e+04 7.967322e-08 4.464758e-03 2.683193e-04
3.880000e+04 2.165941e-08 8.874334e-03 2.786706e-04
3.890000e+04 7.055252e-08 1.042319e-02 4.919623e-04
3.900000e+04 1.746027e-08 5.139314e-03 1.776698e-04
3.910000e+04 1.554745e-07 1.293499e-02 6.767028e-04
3.920000e+04 1.822118e-07 1.108086e-02 7.341408e-04
3.930000e+04 1.260510e-07 2.205783e-02 2.393287e-04
3.940000e+04 2.644274e-07 4.922743e-03 4.478585e-04
3.950000e+04 1.269713e-07 4.841703e-03 3.536418e-04
3.960000e+04 5.708847e-08 4.940427e-03 3.017309e-04
3.970000e+04 5.347885e-08 3.867843e-03 5.004384e-04
3.980000e+04 3.513868e-08 3.228164e-03 2.578014e-04
3.990000e+04 4.735421e-08 7.749032e-03 1.282631e-04
