# iteration  loss_bc  loss_res  l2_error
0.000000e+00 7.424216e+00 2.191908e+05 2.088403e+00
1.000000e+02 6.205235e+00 1.067203e+02 1.978695e+00
2.000000e+02 5.226916e+00 1.958972e+01 1.854117e+00
3.000000e+02 4.330327e+00 9.230919e+00 1.729127e+00
4.000000e+02 3.562718e+00 7.181989e+00 1.604208e+00
5.000000e+02 2.924076e+00 6.339604e+00 1.480539e+00
6.000000e+02 2.410423e+00 4.027130e+00 1.358984e+00
7.000000e+02 1.968663e+00 4.285976e+00 1.240606e+00
8.000000e+02 1.611873e+00 2.554562e+00 1.127224e+00
9.000000e+02 1.314429e+00 2.272521e+00 1.018413e+00
1.000000e+03 1.060208e+00 2.750346e+00 9.142766e-01
1.100000e+03 8.488681e-01 1.563681e+00 8.172476e-01
1.200000e+03 6.756631e-01 1.577394e+00 7.264945e-01
1.300000e+03 5.409243e-01 2.817386e+00 6.425466e-01
1.400000e+03 4.212738e-01 1.822325e+00 5.651092e-01
1.500000e+03 3.330307e-01 1.519364e+00 4.956678e-01
1.600000e+03 2.593608e-01 1.193275e+00 4.317729e-01
1.700000e+03 2.040753e-01 1.793577e+00 3.746242e-01
1.800000e+03 1.592564e-01 2.437765e+00 3.240978e-01
1.900000e+03 1.288675e-01 1.668732e+00 2.806504e-01
2.000000e+03 1.033180e-01 2.662592e+00 2.432596e-01
2.100000e+03 8.523954e-02 4.042035e+00 2.108103e-01
2.200000e+03 6.989363e-02 2.077539e+00 1.852510e-01
2.300000e+03 6.089221e-02 2.358629e+00 1.624064e-01
2.400000e+03 5.221459e-02 2.362127e+00 1.455219e-01
2.500000e+03 4.909430e-02 1.097248e+00 1.318149e-01
2.600000e+03 4.193916e-02 8.537385e+00 1.208172e-01
2.700000e+03 4.134833e-02 3.822383e+00 1.132206e-01
2.800000e+03 3.812345e-02 8.719542e+00 1.067341e-01
2.900000e+03 3.608006e-02 2.786207e+00 1.030825e-01
3.000000e+03 3.496340e-02 7.213126e+00 9.878243e-02
3.100000e+03 2.935493e-02 4.251013e+01 9.970927e-02
3.200000e+03 2.623671e-02 2.364272e+01 9.069244e-02
3.300000e+03 2.252724e-02 2.127360e+01 8.995632e-02
3.400000e+03 2.806927e-02 8.416465e+01 8.727795e-02
3.500000e+03 2.271562e-02 1.887250e+01 8.075789e-02
3.600000e+03 2.028660e-02 2.329921e+00 7.723387e-02
3.700000e+03 1.897666e-02 8.161132e-01 7.396983e-02
3.800000e+03 1.808306e-02 1.532642e+00 7.151589e-02
3.900000e+03 1.785892e-02 7.917303e-01 6.884148e-02
4.000000e+03 1.650663e-02 1.290484e+00 6.709369e-02
4.100000e+03 1.590286e-02 6.272080e-01 6.516677e-02
4.200000e+03 1.509941e-02 2.934176e+00 6.613008e-02
4.300000e+03 1.367658e-02 4.570150e+00 6.540696e-02
4.400000e+03 1.440293e-02 5.650863e+01 6.041743e-02
4.500000e+03 1.091509e-02 2.099790e+01 5.746055e-02
4.600000e+03 1.177907e-02 3.078056e+01 5.326853e-02
4.700000e+03 1.012329e-02 1.155413e+01 4.997061e-02
4.800000e+03 8.460081e-03 8.207695e+00 5.007761e-02
4.900000e+03 8.408684e-03 8.643462e+00 4.873301e-02
5.000000e+03 7.645911e-03 6.301341e+00 4.605434e-02
5.100000e+03 7.474433e-03 1.763320e+00 4.372708e-02
5.200000e+03 6.732672e-03 3.842905e+00 4.309566e-02
5.300000e+03 6.638358e-03 5.928572e+00 4.149221e-02
5.400000e+03 5.586567e-03 1.459018e+01 4.327847e-02
5.500000e+03 5.569373e-03 2.598738e+01 3.867374e-02
5.600000e+03 4.921226e-03 2.441581e+01 3.587255e-02
5.700000e+03 5.040881e-03 6.026748e+00 3.607439e-02
5.800000e+03 4.173726e-03 1.606076e+00 3.543272e-02
5.900000e+03 4.150349e-03 1.034782e+00 3.324449e-02
6.000000e+03 3.563323e-03 2.107169e+00 3.156454e-02
6.100000e+03 3.657314e-03 4.757557e-01 3.159982e-02
6.200000e+03 3.585297e-03 9.954543e-01 3.137582e-02
6.300000e+03 3.106135e-03 4.467743e+00 3.067587e-02
6.400000e+03 3.423179e-03 3.954585e+00 2.868543e-02
6.500000e+03 3.428861e-03 1.894891e+01 2.764572e-02
6.600000e+03 1.965783e-03 1.959985e+01 2.553442e-02
6.700000e+03 3.063691e-03 2.758620e+01 2.253793e-02
6.800000e+03 1.801294e-03 2.598929e+00 1.964715e-02
6.900000e+03 1.376195e-03 2.114533e+00 2.042218e-02
7.000000e+03 1.387589e-03 6.017154e-01 1.845543e-02
7.100000e+03 1.327551e-03 5.432754e-01 1.900794e-02
7.200000e+03 1.115226e-03 1.434464e+00 1.925724e-02
7.300000e+03 1.206366e-03 1.394382e+00 1.764528e-02
7.400000e+03 1.178507e-03 6.052427e+00 1.573428e-02
7.500000e+03 9.004402e-04 8.606355e+00 1.926025e-02
7.600000e+03 7.862115e-04 1.473776e+01 1.591723e-02
7.700000e+03 5.787361e-04 3.702118e+00 1.640846e-02
7.800000e+03 7.247158e-04 5.939352e+00 1.333924e-02
7.900000e+03 5.641050e-04 8.429894e+00 1.292157e-02
8.000000e+03 6.510756e-04 2.559339e+00 1.387780e-02
8.100000e+03 4.765142e-04 6.070736e+00 1.183161e-02
8.200000e+03 7.551389e-04 1.582569e+01 1.116066e-02
8.300000e+03 3.424470e-04 1.218213e+01 1.353142e-02
8.400000e+03 2.520062e-04 2.020922e+00 8.838169e-03
8.500000e+03 2.369686e-04 1.982336e-01 7.792119e-03
8.600000e+03 2.437813e-04 3.266816e-01 8.109538e-03
8.700000e+03 2.260119e-04 7.346334e-01 8.200762e-03
8.800000e+03 1.366319e-04 5.281314e+00 1.003865e-02
8.900000e+03 6.118537e-04 1.799651e+01 1.047634e-02
9.000000e+03 4.373217e-05 2.656209e+00 6.671143e-03
9.100000e+03 4.828651e-05 1.346636e+00 5.395036e-03
9.200000e+03 7.697225e-05 4.518619e-01 5.592609e-03
9.300000e+03 8.844816e-05 3.892043e-01 5.203433e-03
9.400000e+03 5.418892e-05 6.333817e+00 5.668235e-03
9.500000e+03 2.586956e-05 6.958067e+00 7.059664e-03
9.600000e+03 1.092955e-05 1.034389e+01 6.755622e-03
9.700000e+03 4.761149e-05 9.220899e-01 3.529515e-03
9.800000e+03 1.718125e-05 1.270767e+00 3.725416e-03
9.900000e+03 2.595557e-05 2.518789e-01 2.392146e-03
1.000000e+04 2.586017e-05 5.985605e-01 2.106592e-03
1.010000e+04 4.757846e-05 1.869764e+00 3.438180e-03
1.020000e+04 1.530363e-04 2.058323e+01 1.231816e-02
1.030000e+04 1.644438e-05 6.540632e+00 8.356279e-03
1.040000e+04 1.394687e-05 2.775216e-01 2.553618e-03
1.050000e+04 4.337915e-06 1.431775e-01 1.548909e-03
1.060000e+04 7.002688e-06 9.943609e-02 1.459073e-03
1.070000e+04 8.058392e-06 5.772448e-02 1.404671e-03
1.080000e+04 1.108393e-05 6.497516e-02 1.431592e-03
1.090000e+04 1.505826e-05 1.508547e-01 1.743938e-03
1.100000e+04 7.391090e-06 5.496540e-02 1.535398e-03
1.110000e+04 9.075389e-06 8.435424e-02 1.988306e-03
1.120000e+04 9.349605e-06 3.329456e-01 1.898140e-03
1.130000e+04 9.284057e-06 2.378378e+00 3.766937e-03
1.140000e+04 4.989462e-05 4.244939e+00 6.596504e-03
1.150000e+04 3.069338e-05 5.418386e+00 4.537967e-03
1.160000e+04 8.774085e-06 2.885514e+00 4.641831e-03
1.170000e+04 8.822505e-05 7.900232e+00 5.726568e-03
1.180000e+04 2.160976e-06 4.670728e+00 2.047639e-03
1.190000e+04 2.331861e-07 1.822782e+00 2.532680e-03
1.200000e+04 7.922567e-06 1.306115e+00 2.751435e-03
1.210000e+04 2.892901e-06 3.615303e-01 7.685357e-04
1.220000e+04 1.961650e-06 3.185709e-01 8.561985e-04
1.230000e+04 1.852128e-06 5.974022e-01 1.070022e-03
1.240000e+04 3.631059e-06 1.535843e+00 2.953842e-03
1.250000e+04 1.934604e-05 4.718197e+00 7.331679e-03
1.260000e+04 6.260582e-06 4.292516e-01 1.866381e-03
1.270000e+04 1.792160e-05 4.760401e+00 4.443540e-03
1.280000e+04 1.322957e-05 2.287430e+00 2.248340e-03
1.290000e+04 4.104777e-06 1.084301e+00 2.758148e-03
1.300000e+04 6.787422e-06 6.140219e-01 1.692773e-03
1.310000e+04 1.250110e-07 9.707370e-01 1.165935e-03
1.320000e+04 1.874333e-05 3.651863e+00 3.700580e-03
1.330000e+04 1.529702e-06 5.680193e+00 4.922974e-03
1.340000e+04 4.762707e-05 2.239469e+00 3.728122e-03
1.350000e+04 7.249553e-06 8.372836e-01 2.831558e-03
1.360000e+04 9.769978e-06 3.046094e-01 2.217355e-03
1.370000e+04 1.211521e-05 8.179855e-02 2.135511e-03
1.380000e+04 8.210307e-06 8.988315e-02 1.336170e-03
1.390000e+04 5.211269e-06 1.060717e-01 1.236512e-03
1.400000e+04 7.237682e-06 1.472539e-01 1.803360e-03
1.410000e+04 9.679398e-06 1.209393e+00 3.129921e-03
1.420000e+04 9.212054e-06 8.096030e+00 1.028677e-02
1.430000e+04 9.821752e-06 1.985617e+00 2.390862e-03
1.440000e+04 1.713534e-08 3.335742e+00 5.878190e-03
1.450000e+04 1.955746e-05 7.519227e-01 2.845003e-03
1.460000e+04 1.099885e-05 6.916727e-02 1.808737e-03
1.470000e+04 4.238817e-06 4.463987e-02 1.659044e-03
1.480000e+04 5.087775e-06 2.084054e-02 1.453210e-03
1.490000e+04 5.223817e-06 9.241918e-02 1.451895e-03
1.500000e+04 7.089818e-06 1.014453e+00 1.703307e-03
1.510000e+04 1.261865e-05 1.036619e+00 4.244145e-03
1.520000e+04 8.876531e-06 8.085111e-01 1.822922e-03
1.530000e+04 1.233591e-05 1.403285e+01 4.466528e-03
1.540000e+04 2.629967e-05 1.140240e+00 6.694153e-03
1.550000e+04 1.435974e-05 3.261892e-01 1.743333e-03
1.560000e+04 9.056224e-06 1.186254e-01 1.727616e-03
1.570000e+04 7.639365e-06 6.263158e-02 1.289204e-03
1.580000e+04 5.914948e-06 8.976415e-02 1.071411e-03
1.590000e+04 2.236336e-06 4.258766e-01 1.908165e-03
1.600000e+04 6.676490e-06 1.985872e+00 2.523789e-03
1.610000e+04 1.354304e-05 1.695879e+00 2.284084e-03
1.620000e+04 5.741925e-06 4.535492e+00 3.468179e-03
1.630000e+04 5.521884e-06 2.223872e-01 1.319354e-03
1.640000e+04 4.116588e-06 1.622838e-01 1.974179e-03
1.650000e+04 2.788568e-06 1.510088e-01 1.045569e-03
1.660000e+04 6.264220e-07 1.535963e-01 2.006614e-03
1.670000e+04 1.066866e-06 6.523975e-01 2.004376e-03
1.680000e+04 8.335996e-06 4.371573e-01 1.877615e-03
1.690000e+04 3.198556e-06 1.470328e+00 2.641599e-03
1.700000e+04 6.691539e-07 2.396932e+00 4.549397e-03
1.710000e+04 5.444211e-06 1.054482e+00 2.609708e-03
1.720000e+04 4.722737e-07 7.860277e-01 1.913286e-03
1.730000e+04 6.339427e-06 1.576869e-01 1.484887e-03
1.740000e+04 2.793605e-06 1.284626e-01 8.968315e-04
1.750000e+04 1.553052e-06 1.901158e-01 8.210411e-04
1.760000e+04 1.111814e-05 1.930848e+00 2.532699e-03
1.770000e+04 7.277035e-06 2.686661e+00 1.968521e-03
1.780000e+04 1.090118e-06 1.829804e-01 1.395829e-03
1.790000e+04 9.405338e-07 2.670943e-01 1.051810e-03
1.800000e+04 7.274002e-07 7.598031e-02 1.078164e-03
1.810000e+04 7.472203e-07 1.783740e-01 1.072345e-03
1.820000e+04 2.133331e-06 1.077077e+00 3.026049e-03
1.830000e+04 9.841916e-06 1.175250e+00 2.032974e-03
1.840000e+04 4.142712e-07 5.225233e-01 2.450959e-03
1.850000e+04 2.995160e-07 1.986135e-01 1.157456e-03
1.860000e+04 7.146062e-06 1.403426e+00 2.502614e-03
1.870000e+04 3.275999e-06 5.879454e-01 2.804215e-03
1.880000e+04 2.805161e-06 2.897741e-01 1.942938e-03
1.890000e+04 1.488355e-06 1.115153e-01 8.952621e-04
1.900000e+04 4.126491e-07 4.818647e-02 5.313471e-04
1.910000e+04 2.120709e-06 1.335844e-01 4.678906e-04
1.920000e+04 9.544876e-07 7.407491e-02 5.588088e-04
1.930000e+04 1.008561e-07 1.796027e-01 9.365096e-04
1.940000e+04 1.623728e-05 2.549248e+00 2.344015e-03
1.950000e+04 1.811555e-06 8.216561e-01 2.202015e-03
1.960000e+04 8.126646e-07 6.150681e-01 1.971819e-03
1.970000e+04 2.311481e-07 3.138745e-01 9.624944e-04
1.980000e+04 4.922738e-07 3.105559e-02 7.233471e-04
1.990000e+04 4.621652e-08 4.293521e-02 5.520976e-04
2.000000e+04 9.203663e-08 8.629902e-02 6.713059e-04
2.010000e+04 1.699754e-07 1.317646e-01 4.093485e-04
2.020000e+04 1.374129e-07 1.534362e-01 1.537159e-03
2.030000e+04 1.053653e-06 2.199105e-01 1.674197e-03
2.040000e+04 3.124550e-06 1.628725e+00 2.362381e-03
2.050000e+04 4.064237e-06 4.077914e-01 1.837766e-03
2.060000e+04 1.431604e-06 1.305396e-01 1.024355e-03
2.070000e+04 5.940629e-08 1.024410e-01 7.063414e-04
2.080000e+04 9.041764e-08 8.385339e-02 4.489612e-04
2.090000e+04 3.234081e-07 1.282820e-01 5.716546e-04
2.100000e+04 1.348551e-06 3.267075e-01 8.532212e-04
2.110000e+04 2.169490e-07 1.200352e-01 1.435462e-03
2.120000e+04 2.168847e-07 5.448939e-01 1.308011e-03
2.130000e+04 8.552468e-07 7.140151e-01 2.123584e-03
2.140000e+04 4.471812e-07 2.330577e-01 1.546762e-03
2.150000e+04 9.004744e-07 3.554943e-02 5.185805e-04
2.160000e+04 7.498840e-07 2.565608e-01 5.544501e-04
2.170000e+04 1.545982e-07 1.221079e-01 6.506104e-04
2.180000e+04 3.394894e-07 4.032801e-02 6.075766e-04
2.190000e+04 9.636468e-07 2.022132e+00 3.770659e-03
2.200000e+04 4.461143e-06 1.562771e+00 1.970621e-03
2.210000e+04 1.198675e-07 4.321339e-02 4.028139e-04
2.220000e+04 2.659232e-08 3.320523e-02 4.045795e-04
2.230000e+04 8.867246e-09 3.082409e-02 4.710587e-04
2.240000e+04 1.700702e-07 4.278273e-02 3.702454e-04
2.250000e+04 3.935910e-07 4.796614e-02 7.979760e-04
2.260000e+04 4.667411e-07 7.631271e-02 5.556888e-04
2.270000e+04 1.258929e-06 1.330187e-01 9.638697e-04
2.280000e+04 1.097812e-06 7.473351e-01 1.586983e-03
2.290000e+04 9.992527e-07 5.306925e-01 2.092178e-03
2.300000e+04 3.860972e-07 3.003759e-01 2.029954e-03
2.310000e+04 1.900625e-07 4.113445e-02 3.415058e-04
2.320000e+04 2.418987e-07 2.902823e-02 2.731166e-04
2.330000e+04 5.234117e-07 1.829235e-01 1.021825e-03
2.340000e+04 6.515759e-07 1.597424e+00 2.662609e-03
2.350000e+04 4.440806e-07 4.678993e-02 7.939234e-04
2.360000e+04 1.720292e-08 3.868992e-02 5.053027e-04
2.370000e+04 2.892931e-07 3.493129e-02 3.926635e-04
2.380000e+04 2.580002e-08 1.037069e-02 2.135597e-04
2.390000e+04 5.132200e-07 8.430738e-02 7.417965e-04
2.400000e+04 6.277547e-09 2.634694e-01 1.096989e-03
2.410000e+04 1.294288e-07 4.325077e-02 4.042181e-04
2.420000e+04 2.670663e-07 4.896803e-01 1.158642e-03
2.430000e+04 3.184779e-07 6.473701e-02 4.746960e-04
2.440000e+04 4.569906e-07 1.883940e-01 8.312557e-04
2.450000e+04 8.399426e-07 1.203761e-01 7.194737e-04
2.460000e+04 4.400377e-06 1.413645e-01 1.321990e-03
2.470000e+04 1.752918e-07 1.778007e-01 7.878798e-04
2.480000e+04 4.013259e-07 5.447540e-02 5.744958e-04
2.490000e+04 2.146385e-06 7.953259e-01 2.266014e-03
2.500000e+04 5.191122e-07 6.153740e-01 2.592776e-03
2.510000e+04 1.816995e-06 9.924766e-02 8.559904e-04
2.520000e+04 1.273354e-07 1.347366e-02 2.502738e-04
2.530000e+04 3.004160e-07 1.168402e-02 2.561305e-04
2.540000e+04 7.056979e-07 2.330232e-02 4.006015e-04
2.550000e+04 4.710620e-07 1.977155e-02 3.556011e-04
2.560000e+04 3.817305e-08 5.987252e-02 4.029563e-04
2.570000e+04 6.835185e-07 9.165324e-02 6.417894e-04
2.580000e+04 8.245315e-07 1.929611e-01 9.499612e-04
2.590000e+04 8.056001e-07 3.105316e-01 8.510147e-04
2.600000e+04 3.280330e-07 3.750397e-02 5.191901e-04
2.610000e+04 4.318906e-07 1.810665e-02 2.770718e-04
2.620000e+04 2.731424e-07 3.431290e-02 2.907439e-04
2.630000e+04 3.053864e-08 2.856718e-02 4.281711e-04
2.640000e+04 1.002106e-06 1.675475e-01 8.628577e-04
2.650000e+04 4.039268e-08 2.124134e-01 1.087781e-03
2.660000e+04 8.975038e-07 4.366964e-01 5.566056e-04
2.670000e+04 2.794053e-07 3.386829e-02 4.711167e-04
2.680000e+04 6.864584e-07 3.224684e-02 7.743598e-04
2.690000e+04 6.965637e-07 3.047077e-02 7.330296e-04
2.700000e+04 1.416206e-07 4.974981e-02 6.985166e-04
2.710000e+04 5.063768e-07 5.981871e-02 4.930265e-04
2.720000e+04 7.697571e-07 2.348261e-01 1.061174e-03
2.730000e+04 2.444086e-06 5.799236e-01 6.735215e-04
2.740000e+04 5.020996e-07 3.686495e-01 1.315964e-03
2.750000e+04 8.766467e-07 5.225954e-02 5.886745e-04
2.760000e+04 9.491838e-07 2.440887e-02 4.702617e-04
2.770000e+04 6.107927e-07 1.278049e-02 4.920489e-04
2.780000e+04 6.083049e-07 2.293040e-02 5.597703e-04
2.790000e+04 2.097156e-07 3.408431e-02 6.645750e-04
2.800000e+04 1.584951e-06 6.738050e-02 5.905463e-04
2.810000e+04 4.242304e-07 1.044636e-01 7.998811e-04
2.820000e+04 2.451144e-07 2.196950e-01 1.203895e-03
2.830000e+04 7.897549e-07 1.224027e-01 7.604414e-04
2.840000e+04 6.225304e-07 2.208166e-02 5.667934e-04
2.850000e+04 1.514855e-06 3.171141e-02 5.069337e-04
2.860000e+04 6.898074e-07 6.371345e-02 5.180740e-04
2.870000e+04 4.634904e-07 2.402840e-02 4.710508e-04
2.880000e+04 1.135065e-06 2.615146e-02 6.389970e-04
2.890000e+04 3.189035e-07 1.290740e-01 7.495750e-04
2.900000e+04 2.193427e-06 1.760734e-01 1.105857e-03
2.910000e+04 5.720345e-07 4.872448e-01 1.461348e-03
2.920000e+04 4.911817e-07 3.879951e-02 5.322204e-04
2.930000e+04 5.618565e-07 2.282673e-02 4.362310e-04
2.940000e+04 2.697893e-07 3.258730e-02 6.018973e-04
2.950000e+04 6.340784e-07 1.483646e-02 4.902673e-04
2.960000e+04 6.620910e-08 6.252321e-02 1.036204e-03
2.970000e+04 3.686823e-06 2.877100e-01 1.156180e-03
2.980000e+04 3.432789e-07 2.150486e-02 7.197823e-04
2.990000e+04 1.507422e-06 7.759772e-02 5.959980e-04
3.000000e+04 6.244776e-07 7.814024e-02 8.486339e-04
3.010000e+04 3.800041e-07 1.016087e-01 4.377732e-04
3.020000e+04 1.585774e-06 1.318794e-01 7.274308e-04
3.030000e+04 1.336915e-07 1.349425e-01 4.987383e-04
3.040000e+04 1.885010e-07 1.806843e-02 4.989132e-04
3.050000e+04 3.151780e-07 2.799574e-02 4.457343e-04
3.060000e+04 3.646296e-07 5.223683e-02 4.479836e-04
3.070000e+04 1.904959e-07 2.598320e-02 7.290002e-04
3.080000e+04 1.098441e-06 1.179185e-01 5.550339e-04
3.090000e+04 1.228089e-06 1.958335e-01 1.066499e-03
3.100000e+04 5.098771e-07 2.227772e-02 3.700197e-04
3.110000e+04 5.971613e-07 4.947373e-02 5.388881e-04
3.120000e+04 4.142869e-07 3.783436e-02 7.185924e-04
3.130000e+04 2.505339e-07 1.896948e-02 5.699176e-04
3.140000e+04 1.105062e-07 4.028478e-02 3.653951e-04
3.150000e+04 5.054504e-07 1.115670e-02 3.537114e-04
3.160000e+04 1.928023e-07 6.086417e-02 4.269386e-04
3.170000e+04 2.639160e-06 1.351201e-01 7.089125e-04
3.180000e+04 1.027242e-06 1.231390e-01 1.170154e-03
3.190000e+04 8.198536e-07 4.005223e-01 1.287001e-03
3.200000e+04 3.662059e-07 1.780197e-02 3.167876e-04
3.210000e+04 6.551080e-07 1.739640e-02 3.818796e-04
3.220000e+04 2.872154e-07 9.884260e-03 3.184983e-04
3.230000e+04 5.901281e-07 1.033150e-02 5.001162e-04
3.240000e+04 7.092796e-07 1.217770e-02 3.996382e-04
3.250000e+04 4.009225e-07 2.051934e-02 5.481662e-04
3.260000e+04 4.884212e-07 1.424814e-02 4.720379e-04
3.270000e+04 7.326241e-07 1.315257e-02 6.405765e-04
3.280000e+04 7.300514e-07 4.296006e-02 7.988444e-04
3.290000e+04 1.025254e-06 3.445114e-02 6.669816e-04
3.300000e+04 2.477905e-07 1.792518e-02 4.682699e-04
3.310000e+04 5.844756e-07 3.725864e-02 5.232306e-04
3.320000e+04 2.772061e-07 4.951026e-02 5.853009e-04
3.330000e+04 3.105551e-07 1.328968e-01 7.269899e-04
3.340000e+04 4.003536e-07 4.045364e-02 5.472507e-04
3.350000e+04 4.745190e-07 3.726278e-02 5.669402e-04
3.360000e+04 6.675373e-07 3.040211e-02 4.973768e-04
3.370000e+04 4.983382e-07 6.863961e-02 7.776457e-04
3.380000e+04 2.781839e-07 2.492805e-02 3.902343e-04
3.390000e+04 1.385698e-06 4.471423e-02 5.181497e-04
3.400000e+04 8.313496e-07 1.382223e-02 6.872209e-04
3.410000e+04 5.695624e-07 8.266938e-02 3.996702e-04
3.420000e+04 4.760337e-07 1.788158e-02 4.102162e-04
3.430000e+04 1.300136e-06 3.960398e-02 6.840427e-04
3.440000e+04 5.375771e-07 1.034237e-02 4.082796e-04
3.450000e+04 7.413803e-07 5.389483e-02 3.944470e-04
3.460000e+04 6.243437e-07 1.982355e-02 7.682443e-04
3.470000e+04 1.104304e-06 8.479803e-03 4.129972e-04
3.480000e+04 7.777058e-07 1.800320e-02 5.240257e-04
3.490000e+04 5.248356e-07 1.617745e-02 3.485379e-04
3.500000e+04 4.966462e-07 6.389950e-03 3.317927e-04
3.510000e+04 1.225762e-07 2.554091e-02 6.507867e-04
3.520000e+04 1.284584e-06 2.462119e-02 5.650005e-04
3.530000e+04 1.051616e-06 5.157052e-02 9.518211e-04
3.540000e+04 1.813109e-06 4.347166e-02 4.912319e-04
3.550000e+04 5.323804e-07 1.497487e-02 3.229561e-04
3.560000e+04 3.838264e-07 1.917253e-02 6.132619e-04
3.570000e+04 8.296458e-07 1.386681e-02 5.526030e-04
3.580000e+04 4.045843e-07 4.346710e-02 6.546618e-04
3.590000e+04 5.457907e-07 1.760457e-02 5.038221e-04
3.600000e+04 5.623671e-07 2.244342e-02 6.318448e-04
3.610000e+04 3.341970e-07 2.433254e-02 5.010120e-04
3.620000e+04 4.649423e-07 1.142819e-02 3.951771e-04
3.630000e+04 8.926554e-07 3.329708e-02 5.921943e-04
3.640000e+04 5.250200e-07 3.346278e-02 4.025966e-04
3.650000e+04 3.596355e-07 5.548127e-02 5.173178e-04
3.660000e+04 5.035177e-07 2.766230e-02 4.140381e-04
3.670000e+04 6.971959e-07 9.894874e-03 6.750922e-04
3.680000e+04 5.755356e-07 8.501434e-03 3.892138e-04
3.690000e+04 6.874288e-07 8.475866e-03 3.865989e-04
3.700000e+04 3.222738e-07 9.484533e-03 4.240968e-04
3.710000e+04 2.614756e-07 1.336916e-02 4.549908e-04
3.720000e+04 4.435755e-07 9.664623e-03 4.041219e-04
3.730000e+04 9.510264e-08 2.804741e-02 6.873688e-04
3.740000e+04 5.070252e-07 1.469103e-02 3.150767e-04
3.750000e+04 6.528971e-07 1.879837e-02 3.801520e-04
3.760000e+04 6.954003e-07 3.118896e-02 4.403720e-04
3.770000e+04 3.872774e-07 7.874795e-03 2.762839e-04
3.780000e+04 6.059213e-07 7.038539e-03 5.498047e-04
3.790000e+04 3.419834e-07 3.337998e-02 3.952184e-04
3.800000e+04 4.598102e-07 1.512674e-02 4.495280e-04
3.810000e+04 3.363173e-07 1.308303e-02 5.020598e-04
3.820000e+04 5.627643e-07 3.627537e-02 4.712363e-04
3.830000e+04 8.014119e-07 3.102313e-02 5.438123e-04
3.840000e+04 7.688760e-07 9.994344e-03 4.585826e-04
3.850000e+04 5.586546e-07 8.190655e-03 3.523059e-04
3.860000e+04 5.921293e-07 1.275037e-02 3.960082e-04
3.870000e+04 4.581617e-07 9.534249e-03 4.306029e-04
3.880000e+04 2.413820e-07 4.860799e-03 3.180440e-04
3.890000e+04 1.094736e-06 1.740852e-02 4.957482e-04
3.900000e+04 3.581409e-07 1.120407e-02 3.559150e-04
3.910000e+04 2.930828e-07 1.230343e-02 3.889648e-04
3.920000e+04 4.509019e-07 1.315360e-02 5.379403e-04
3.930000e+04 3.896265e-07 2.321479e-02 5.941632e-04
3.940000e+04 5.284766e-07 1.044534e-02 3.868283e-04
3.950000e+04 5.890471e-07 9.202437e-03 3.405874e-04
3.960000e+04 2.676649e-07 9.026127e-03 4.575909e-04
3.970000e+04 6.449573e-07 7.543826e-03 4.515210e-04
3.980000e+04 6.170733e-07 1.289360e-02 3.760532e-04
3.990000e+04 3.292980e-07 9.490984e-03 3.906781e-04
