1.793987e+08
1.672478e+08
9.939772e+07
8.898555e+07
8.179917e+07
7.328310e+07
6.176624e+07
5.671620e+07
4.859487e+07
4.233047e+07
4.105206e+07
3.881716e+07
3.874261e+07
3.747067e+07
3.541091e+07
3.448491e+07
3.232479e+07
3.025788e+07
2.402000e+07
2.273606e+07
2.210568e+07
2.059259e+07
1.940661e+07
1.848053e+07
1.488756e+07
1.450850e+07
1.343710e+07
1.249551e+07
1.006945e+07
8.787623e+06
7.418982e+06
5.504486e+06
4.897546e+06
4.631713e+06
3.978263e+06
3.460337e+06
2.736680e+06
2.316082e+06
1.933155e+06
1.839142e+06
1.479580e+06
1.370739e+06
1.118596e+06
8.629231e+05
7.004808e+05
6.170864e+05
5.892304e+05
4.847704e+05
4.225821e+05
3.499158e+05
2.876893e+05
2.229051e+05
1.804059e+05
1.555544e+05
1.380392e+05
1.101923e+05
9.927434e+04
9.138241e+04
6.381819e+04
5.184446e+04
3.593448e+04
3.149843e+04
2.255457e+04
2.117438e+04
