1.685299e+08
1.575428e+08
9.363935e+07
8.337059e+07
7.642075e+07
6.834423e+07
5.618701e+07
5.086699e+07
4.339037e+07
3.828156e+07
3.708124e+07
3.522778e+07
3.457155e+07
3.366831e+07
3.180681e+07
3.100627e+07
2.843947e+07
2.738259e+07
2.081620e+07
1.964547e+07
1.896419e+07
1.845068e+07
1.694000e+07
1.597807e+07
1.292032e+07
1.254356e+07
1.176784e+07
1.134323e+07
8.607660e+06
7.375596e+06
6.218714e+06
5.021802e+06
4.156248e+06
3.857343e+06
3.273428e+06
2.853865e+06
2.271313e+06
1.861491e+06
1.744903e+06
1.524487e+06
1.210822e+06
1.082238e+06
8.796286e+05
6.773549e+05
5.934175e+05
5.152045e+05
4.755020e+05
3.591811e+05
3.165392e+05
2.580878e+05
2.131651e+05
1.604669e+05
1.313796e+05
1.188032e+05
1.019138e+05
9.495332e+04
7.571036e+04
6.527639e+04
4.616094e+04
3.627579e+04
2.523884e+04
2.275467e+04
1.545721e+04
1.518951e+04
