1.636112e+08
1.530197e+08
9.073342e+07
8.088151e+07
7.415184e+07
6.604363e+07
5.366578e+07
4.821622e+07
4.090199e+07
3.635940e+07
3.523797e+07
3.365379e+07
3.269887e+07
3.183962e+07
3.011462e+07
2.952294e+07
2.670317e+07
2.599341e+07
1.945219e+07
1.835416e+07
1.771908e+07
1.751361e+07
1.576122e+07
1.484869e+07
1.225580e+07
1.169874e+07
1.100924e+07
1.061740e+07
7.963484e+06
6.780142e+06
5.733121e+06
4.821376e+06
3.804822e+06
3.515622e+06
2.958742e+06
2.579707e+06
2.059172e+06
1.713195e+06
1.626197e+06
1.356893e+06
1.071775e+06
9.518271e+05
7.853254e+05
6.084389e+05
5.545683e+05
4.505315e+05
4.348390e+05
3.057232e+05
2.756461e+05
2.225290e+05
1.847073e+05
1.369682e+05
1.134904e+05
1.071708e+05
8.964510e+04
8.586304e+04
6.427577e+04
5.347303e+04
3.904623e+04
3.045731e+04
2.123443e+04
1.903265e+04
1.285805e+04
1.240974e+04
