1.631758e+08
1.526192e+08
9.045978e+07
8.063847e+07
7.391122e+07
6.581730e+07
5.335571e+07
4.795937e+07
4.063064e+07
3.616231e+07
3.504882e+07
3.350276e+07
3.251535e+07
3.165505e+07
2.994899e+07
2.938165e+07
2.651674e+07
2.586152e+07
1.931792e+07
1.822706e+07
1.759673e+07
1.742427e+07
1.564483e+07
1.473034e+07
1.219824e+07
1.162324e+07
1.092327e+07
1.053838e+07
7.899066e+06
6.723670e+06
5.681525e+06
4.801612e+06
3.768438e+06
3.476561e+06
2.928471e+06
2.550018e+06
2.035813e+06
1.703127e+06
1.608183e+06
1.337125e+06
1.052376e+06
9.349530e+05
7.752062e+05
6.029869e+05
5.486900e+05
4.439138e+05
4.307190e+05
3.002872e+05
2.714103e+05
2.192162e+05
1.821003e+05
1.348661e+05
1.118766e+05
1.059623e+05
8.874291e+04
8.449113e+04
6.305034e+04
5.230958e+04
3.827280e+04
2.981957e+04
2.081812e+04
1.857404e+04
1.258497e+04
1.209289e+04
