1.649439e+08
1.542329e+08
9.151853e+07
8.155133e+07
7.477226e+07
6.667569e+07
5.434332e+07
4.890954e+07
4.159180e+07
3.688136e+07
3.574315e+07
3.409986e+07
3.320026e+07
3.235555e+07
3.057483e+07
2.991148e+07
2.717185e+07
2.635597e+07
1.980424e+07
1.869512e+07
1.803977e+07
1.775356e+07
1.609417e+07
1.515933e+07
1.240775e+07
1.190945e+07
1.120942e+07
1.084024e+07
8.140634e+06
6.947137e+06
5.863704e+06
4.877936e+06
3.899365e+06
3.611150e+06
3.046660e+06
2.656352e+06
2.118996e+06
1.746997e+06
1.667580e+06
1.401389e+06
1.117942e+06
9.862959e+05
8.103601e+05
6.240719e+05
5.683772e+05
4.674207e+05
4.438351e+05
3.205722e+05
2.864954e+05
2.316802e+05
1.922277e+05
1.432513e+05
1.180022e+05
1.105532e+05
9.272407e+04
8.918385e+04
6.719153e+04
5.710076e+04
4.109387e+04
3.184179e+04
2.234834e+04
2.014154e+04
1.356035e+04
1.318814e+04
