1.508859e+08
1.176927e+08
1.037706e+08
8.584557e+07
7.848269e+07
6.410443e+07
6.265992e+07
5.427663e+07
5.101130e+07
4.787272e+07
4.733786e+07
4.500807e+07
4.378894e+07
4.099954e+07
4.027019e+07
3.898001e+07
3.505791e+07
3.410301e+07
3.241577e+07
3.002536e+07
2.871070e+07
2.576477e+07
2.468304e+07
2.290921e+07
2.126288e+07
1.990968e+07
1.845356e+07
1.766456e+07
1.603924e+07
1.405502e+07
1.206352e+07
1.161055e+07
9.809808e+06
8.849446e+06
8.189516e+06
8.032137e+06
7.217348e+06
6.222709e+06
5.415568e+06
5.212718e+06
4.408505e+06
4.040052e+06
3.629377e+06
3.327141e+06
2.625376e+06
2.458898e+06
2.187344e+06
2.076006e+06
2.022207e+06
1.558191e+06
1.518424e+06
1.239319e+06
1.178817e+06
1.122298e+06
8.561494e+05
7.239631e+05
6.396822e+05
5.763121e+05
5.290097e+05
4.445220e+05
3.938515e+05
3.323744e+05
3.121673e+05
1.254652e+05
