1.629458e+08
1.524404e+08
9.031132e+07
8.052933e+07
7.381978e+07
6.570032e+07
5.321232e+07
4.785070e+07
4.052269e+07
3.608072e+07
3.496976e+07
3.344300e+07
3.243184e+07
3.157285e+07
2.988629e+07
2.931724e+07
2.642686e+07
2.580861e+07
1.927508e+07
1.817455e+07
1.754025e+07
1.737679e+07
1.559331e+07
1.468555e+07
1.218234e+07
1.159034e+07
1.089320e+07
1.049637e+07
7.864798e+06
6.694732e+06
5.655514e+06
4.792714e+06
3.750286e+06
3.455183e+06
2.913699e+06
2.534824e+06
2.021250e+06
1.698062e+06
1.600078e+06
1.328838e+06
1.038865e+06
9.299142e+05
7.699609e+05
6.006292e+05
5.444932e+05
4.413351e+05
4.283603e+05
2.973117e+05
2.692702e+05
2.176976e+05
1.805056e+05
1.337570e+05
1.110681e+05
1.052040e+05
8.800891e+04
8.372271e+04
6.262512e+04
5.144839e+04
3.780054e+04
2.960706e+04
2.057544e+04
1.828394e+04
1.246762e+04
1.190349e+04
