2.645354e+08
2.370089e+08
1.459946e+08
1.262853e+08
1.203327e+08
1.158939e+08
1.079864e+08
1.005152e+08
9.148610e+07
8.285865e+07
8.069606e+07
7.580378e+07
7.249766e+07
7.022714e+07
6.780962e+07
6.588706e+07
6.117529e+07
5.885220e+07
5.489988e+07
5.303573e+07
4.861249e+07
4.530199e+07
4.300062e+07
4.030194e+07
3.560260e+07
3.245235e+07
3.030089e+07
2.691434e+07
2.580874e+07
2.482197e+07
2.012915e+07
1.675074e+07
1.638616e+07
1.519165e+07
1.214703e+07
1.065481e+07
9.142131e+06
8.086467e+06
7.017808e+06
6.451974e+06
5.832717e+06
5.236990e+06
4.928593e+06
4.302540e+06
3.447488e+06
2.815968e+06
2.484890e+06
2.318400e+06
2.069304e+06
1.708673e+06
1.599736e+06
1.280405e+06
1.051684e+06
9.017336e+05
7.646321e+05
6.987144e+05
6.273624e+05
6.063774e+05
4.958988e+05
4.046990e+05
3.634542e+05
1.990298e+05
1.802013e+05
1.244998e+05
