2.042715e+08
1.896596e+08
1.131395e+08
1.019854e+08
9.361590e+07
8.487042e+07
7.643564e+07
7.135714e+07
6.199332e+07
5.324044e+07
5.109511e+07
4.959109e+07
4.818385e+07
4.598053e+07
4.498204e+07
4.392252e+07
4.213250e+07
3.812094e+07
3.286153e+07
3.052294e+07
3.016171e+07
2.754748e+07
2.607892e+07
2.419292e+07
2.050140e+07
2.007211e+07
1.762011e+07
1.460218e+07
1.412823e+07
1.282885e+07
1.097441e+07
7.852890e+06
6.896579e+06
6.170924e+06
5.837833e+06
5.158174e+06
4.164445e+06
3.763817e+06
3.132766e+06
2.408967e+06
2.325026e+06
1.993768e+06
1.839727e+06
1.541880e+06
1.308206e+06
1.083735e+06
9.005719e+05
8.171383e+05
6.856951e+05
6.397364e+05
5.448171e+05
4.382727e+05
3.563638e+05
3.078206e+05
2.647067e+05
2.274548e+05
1.855447e+05
1.310853e+05
1.145163e+05
1.072404e+05
7.737134e+04
6.828832e+04
5.152059e+04
4.599888e+04
