1.133369e+08
9.602842e+07
8.855758e+07
6.808936e+07
5.843513e+07
4.621272e+07
4.200881e+07
3.566316e+07
3.498932e+07
3.327923e+07
3.072816e+07
2.966240e+07
2.861501e+07
2.778464e+07
2.687973e+07
2.430010e+07
2.181380e+07
2.082917e+07
1.892596e+07
1.821389e+07
1.536529e+07
1.492954e+07
1.374984e+07
1.251534e+07
1.124167e+07
1.008782e+07
9.083857e+06
8.022038e+06
7.733676e+06
6.982942e+06
6.375040e+06
5.772072e+06
4.915732e+06
4.782174e+06
3.896816e+06
3.693669e+06
3.159762e+06
2.937600e+06
2.505105e+06
2.202687e+06
2.168169e+06
1.814018e+06
1.521744e+06
1.431794e+06
1.096678e+06
1.045480e+06
9.202677e+05
8.295194e+05
6.663872e+05
5.697455e+05
4.549486e+05
4.252440e+05
3.512978e+05
2.558745e+05
2.320107e+05
2.126720e+05
1.721943e+05
1.657222e+05
1.231551e+05
1.174765e+05
1.108042e+05
7.869797e+04
6.111002e+04
5.217359e+04
